# dimensionless total [l(l+1)/2pi] C_l's
# for l=1 to 300, i.e. number of multipoles equal to 299
#
# -> if you prefer output in CAMB/HealPix/LensPix units/order, set 'format' to 'camb' in input file
# -> if you don't want to see such a header, set 'headers' to 'no' in input file
#
# 1:l     2:dens[1]-dens[1]        3:dens[2]-dens[2]        4:dens[3]-dens[3]    
    1       2.010191642864e-06       7.146496601877e-07       4.449316132798e-07 
    2       6.335567217766e-06       2.066747626698e-06       1.282664422225e-06 
    3       1.384728789436e-05       4.157582666638e-06       2.528756998340e-06 
    4       2.529388177494e-05       7.113930551785e-06       4.208704972763e-06 
    5       4.126329907092e-05       1.107211895653e-05       6.358377369088e-06 
    6       6.218640132357e-05       1.616449479509e-05       9.019153948648e-06 
    7       8.835481103218e-05       2.251295285042e-05       1.223461740454e-05 
    8       1.199405409533e-04       3.022604556989e-05       1.604832955510e-05 
    9       1.570140454266e-04       3.939795945996e-05       2.050235889987e-05 
   10       1.995600492085e-04       5.010850397016e-05       2.563633525934e-05 
   11       2.474913369980e-04       6.242361356134e-05       3.148684898589e-05 
   12       3.006608743234e-04       7.639608079512e-05       3.808710252420e-05 
   13       3.588725369010e-04       9.206642718940e-05       4.546676670149e-05 
   14       4.218905999965e-04       1.094637966527e-04       5.365194036932e-05 
   15       4.894480807059e-04       1.286067172138e-04       6.266516080431e-05 
   16       5.612540715202e-04       1.495037577207e-04       7.252550057494e-05 
   17       6.370002181444e-04       1.721542318857e-04       8.324871602932e-05 
   18       7.163669609520e-04       1.965488630601e-04       9.484727201561e-05 
   19       7.990263233148e-04       2.226712768574e-04       1.073308192108e-04 
   20       8.846515670267e-04       2.504972922035e-04       1.207054462870e-04 
   21       9.729145873071e-04       2.799970141082e-04       1.349748653485e-04 
   22       1.063496011573e-03       3.111343366739e-04       1.501397569931e-04 
   23       1.156081651649e-03       3.438680180118e-04       1.661986739419e-04 
   24       1.250372099698e-03       3.781516692716e-04       1.831475192417e-04 
   25       1.346076768523e-03       4.139347040871e-04       2.009803090541e-04 
   26       1.442924222173e-03       4.511624707681e-04       2.196887224899e-04 
   27       1.540656764446e-03       4.897769497811e-04       2.392625882758e-04 
   28       1.639038002747e-03       5.297170404088e-04       2.596896852369e-04 
   29       1.737839655194e-03       5.709191372371e-04       2.809564271059e-04 
   30       1.836858812653e-03       6.133174901751e-04       3.030473922793e-04 
   31       1.935919709605e-03       6.568445739528e-04       3.259453599758e-04 
   32       2.034850098047e-03       7.014313538506e-04       3.496320842871e-04 
   33       2.133501920656e-03       7.470078915976e-04       3.740879043251e-04 
   34       2.231754123543e-03       7.935037083441e-04       3.992917576612e-04 
   35       2.329489680524e-03       8.408476882737e-04       4.252217083441e-04 
   36       2.426615241077e-03       8.889689020516e-04       4.518547245655e-04 
   37       2.523062116972e-03       9.377968831364e-04       4.791667445870e-04 
   38       2.618760009750e-03       9.872609645393e-04       5.071331246192e-04 
   39       2.713658263821e-03       1.037291455331e-03       5.357284769883e-04 
   40       2.807735367086e-03       1.087820362204e-03       5.649266590771e-04 
   41       2.900987641111e-03       1.138781319069e-03       5.947009141681e-04 
   42       2.993386247994e-03       1.190108322735e-03       6.250241436955e-04 
   43       3.084909433553e-03       1.241737303713e-03       6.558688674514e-04 
   44       3.175555557309e-03       1.293606973010e-03       6.872072634793e-04 
   45       3.265345600306e-03       1.345658470849e-03       7.190112582002e-04 
   46       3.354329173489e-03       1.397833259195e-03       7.512526175462e-04 
   47       3.442582044619e-03       1.450075269367e-03       7.839030356525e-04 
   48       3.530205887855e-03       1.502331934552e-03       8.169342241902e-04 
   49       3.617329391630e-03       1.554554540871e-03       8.503180020894e-04 
   50       3.704073324292e-03       1.606697530126e-03       8.840263230298e-04 
   51       3.790431981742e-03       1.658715370444e-03       9.180311585534e-04 
   52       3.876361475136e-03       1.710565443041e-03       9.523047383158e-04 
   53       3.961812386326e-03       1.762209310882e-03       9.868196942814e-04 
   54       4.046729179642e-03       1.813613020411e-03       1.021549147517e-03 
   55       4.131072080371e-03       1.864746004281e-03       1.056466652815e-03 
   56       4.214890422442e-03       1.915576779109e-03       1.091545817601e-03 
   57       4.298266491562e-03       1.966076707458e-03       1.126760740386e-03 
   58       4.381294935780e-03       2.016221545049e-03       1.162086224125e-03 
   59       4.464083052588e-03       2.065991687991e-03       1.197497857478e-03 
   60       4.546751076027e-03       2.115372420001e-03       1.232972096061e-03 
   61       4.629411934199e-03       2.164352142987e-03       1.268486112733e-03 
   62       4.712104562823e-03       2.212916045375e-03       1.304017125348e-03 
   63       4.794846064536e-03       2.261051444809e-03       1.339543061613e-03 
   64       4.877650560558e-03       2.308749858997e-03       1.375042849206e-03 
   65       4.960528826409e-03       2.356007188960e-03       1.410496489702e-03 
   66       5.043487927614e-03       2.402823902262e-03       1.445885132499e-03 
   67       5.126530855424e-03       2.449205216257e-03       1.481191148746e-03 
   68       5.209658831483e-03       2.495158739846e-03       1.516397773726e-03 
   69       5.292879578405e-03       2.540686434279e-03       1.551487784597e-03 
   70       5.376200078310e-03       2.585791345096e-03       1.586444686301e-03 
   71       5.459623761431e-03       2.630480115601e-03       1.621253181164e-03 
   72       5.543150210083e-03       2.674763105100e-03       1.655899231789e-03 
   73       5.626774862638e-03       2.718654507144e-03       1.690370123941e-03 
   74       5.710488717497e-03       2.762172467770e-03       1.724654529441e-03 
   75       5.794278037062e-03       2.805339203737e-03       1.758742569053e-03 
   76       5.878125417458e-03       2.848177908633e-03       1.792625276640e-03 
   77       5.962013877266e-03       2.890702558444e-03       1.826292739796e-03 
   78       6.045922980032e-03       2.932926453159e-03       1.859735732832e-03 
   79       6.129827270979e-03       2.974865315523e-03       1.892946335225e-03 
   80       6.213696008990e-03       3.016537343403e-03       1.925917982227e-03 
   81       6.297492898585e-03       3.057963262168e-03       1.958645515485e-03 
   82       6.381175821898e-03       3.099166377058e-03       1.991125233644e-03 
   83       6.464696570658e-03       3.140172625558e-03       2.023354942965e-03 
   84       6.548006085223e-03       3.181009440359e-03       2.055333256112e-03 
   85       6.631071756680e-03       3.221702006941e-03       2.087057244082e-03 
   86       6.713862515002e-03       3.262276478713e-03       2.118524486002e-03 
   87       6.796343404133e-03       3.302761143175e-03       2.149733823757e-03 
   88       6.878475406533e-03       3.343186454294e-03       2.180685399966e-03 
   89       6.960215267700e-03       3.383585064892e-03       2.211380695963e-03 
   90       7.041515320717e-03       3.423991859028e-03       2.241822569769e-03 
   91       7.122323310775e-03       3.464443984379e-03       2.272015294070e-03 
   92       7.202582219717e-03       3.504980884625e-03       2.301964594194e-03 
   93       7.282236955796e-03       3.545638630124e-03       2.331676626782e-03 
   94       7.361255955030e-03       3.586431864241e-03       2.361154657609e-03 
   95       7.439612519393e-03       3.627369188979e-03       2.390401951996e-03 
   96       7.517278160920e-03       3.668458579491e-03       2.419422812718e-03 
   97       7.594222520487e-03       3.709707338189e-03       2.448222603436e-03 
   98       7.670413286576e-03       3.751122048865e-03       2.476807772136e-03 
   99       7.745816114049e-03       3.792708530804e-03       2.505185874565e-03 
  100       7.820394542923e-03       3.834471792906e-03       2.533365597662e-03 
  101       7.894109917138e-03       3.876415987795e-03       2.561356782999e-03 
  102       7.966921303335e-03       3.918544365944e-03       2.589170450214e-03 
  103       8.038785409623e-03       3.960859229785e-03       2.616818820444e-03 
  104       8.109662781289e-03       4.003363813091e-03       2.644314116290e-03 
  105       8.179537516067e-03       4.046068307076e-03       2.671664726589e-03 
  106       8.248400073081e-03       4.088984566583e-03       2.698878564835e-03 
  107       8.316241221632e-03       4.132124233083e-03       2.725964256263e-03 
  108       8.383052028942e-03       4.175498709954e-03       2.752931147837e-03 
  109       8.448823847912e-03       4.219119137749e-03       2.779789318244e-03 
  110       8.513548304863e-03       4.262996369469e-03       2.806549587881e-03 
  111       8.577217287293e-03       4.307140945843e-03       2.833223528850e-03 
  112       8.639822931622e-03       4.351563070594e-03       2.859823474944e-03 
  113       8.701357610941e-03       4.396272585716e-03       2.886362531644e-03 
  114       8.761813922768e-03       4.441278946747e-03       2.912854586104e-03 
  115       8.821184676790e-03       4.486591198041e-03       2.939314317143e-03 
  116       8.879465636953e-03       4.532215657999e-03       2.965755925113e-03 
  117       8.936664152134e-03       4.578148708343e-03       2.992189124930e-03 
  118       8.992791556673e-03       4.624383077637e-03       3.018622682364e-03 
  119       9.047860521903e-03       4.670910008405e-03       3.045065649258e-03 
  120       9.101885068248e-03       4.717719212157e-03       3.071527362204e-03 
  121       9.154880577331e-03       4.764798824410e-03       3.098017441215e-03 
  122       9.206863804074e-03       4.812135359718e-03       3.124545788393e-03 
  123       9.257852888797e-03       4.859713666693e-03       3.151122586606e-03 
  124       9.307867369329e-03       4.907516883034e-03       3.177758298159e-03 
  125       9.356928193103e-03       4.955526390553e-03       3.204463663465e-03 
  126       9.405057729265e-03       5.003721770196e-03       3.231249699716e-03 
  127       9.452279780770e-03       5.052080757072e-03       3.258127699561e-03 
  128       9.498619596492e-03       5.100579195478e-03       3.285109229771e-03 
  129       9.544102878376e-03       5.149193196853e-03       3.312205474936e-03 
  130       9.588752654070e-03       5.197905976832e-03       3.339425189955e-03 
  131       9.632592082493e-03       5.246701686727e-03       3.366776519374e-03 
  132       9.675645432890e-03       5.295563248900e-03       3.394267626280e-03 
  133       9.717938089745e-03       5.344472327557e-03       3.421906686282e-03 
  134       9.759496557690e-03       5.393409299534e-03       3.449701881503e-03 
  135       9.800348466421e-03       5.442353225085e-03       3.477661394557e-03 
  136       9.840522575606e-03       5.491281818673e-03       3.505793402542e-03 
  137       9.880048779796e-03       5.540171419759e-03       3.534106071020e-03 
  138       9.918958113341e-03       5.588996963586e-03       3.562607548006e-03 
  139       9.957282755299e-03       5.637731951976e-03       3.591305957954e-03 
  140       9.995056034348e-03       5.686348424110e-03       3.620209395737e-03 
  141       1.003231243370e-02       5.734816927323e-03       3.649325920638e-03 
  142       1.006908759600e-02       5.783106487890e-03       3.678663550333e-03 
  143       1.010541832826e-02       5.831184581815e-03       3.708230254879e-03 
  144       1.014133944440e-02       5.879020217859e-03       3.738032613761e-03 
  145       1.017687393168e-02       5.926593590851e-03       3.768071650539e-03 
  146       1.021204181965e-02       5.973887328965e-03       3.798346574209e-03 
  147       1.024686324228e-02       6.020883455711e-03       3.828856065687e-03 
  148       1.028135842472e-02       6.067563378615e-03       3.859598264110e-03 
  149       1.031554767003e-02       6.113907877891e-03       3.890570753139e-03 
  150       1.034945134593e-02       6.159897095118e-03       3.921770547260e-03 
  151       1.038308987152e-02       6.205510521912e-03       3.953194078088e-03 
  152       1.041648370402e-02       6.250726988604e-03       3.984837180664e-03 
  153       1.044965332550e-02       6.295524652917e-03       4.016695079762e-03 
  154       1.048261922966e-02       6.339880988634e-03       4.048762376190e-03 
  155       1.051540190849e-02       6.383772774282e-03       4.081033033088e-03 
  156       1.054802183909e-02       6.427176081802e-03       4.113500362236e-03 
  157       1.058049947036e-02       6.470066265224e-03       4.146157010350e-03 
  158       1.061285520973e-02       6.512417949344e-03       4.178994945388e-03 
  159       1.064510940993e-02       6.554205018400e-03       4.212005442851e-03 
  160       1.067728235571e-02       6.595400604745e-03       4.245179072084e-03 
  161       1.070939228282e-02       6.635980662844e-03       4.278506771439e-03 
  162       1.074144926591e-02       6.675935070226e-03       4.311983209372e-03 
  163       1.077346076227e-02       6.715257491146e-03       4.345603695780e-03 
  164       1.080543350883e-02       6.753941884685e-03       4.379363111255e-03 
  165       1.083737349984e-02       6.791982509922e-03       4.413255898397e-03 
  166       1.086928596452e-02       6.829373931102e-03       4.447276053123e-03 
  167       1.090117534482e-02       6.866111022813e-03       4.481417115983e-03 
  168       1.093304527304e-02       6.902188975150e-03       4.515672163465e-03 
  169       1.096489854952e-02       6.937603298887e-03       4.550033799312e-03 
  170       1.099673712036e-02       6.972349830654e-03       4.584494145832e-03 
  171       1.102856205507e-02       7.006424738099e-03       4.619044835209e-03 
  172       1.106037352427e-02       7.039824525065e-03       4.653677000818e-03 
  173       1.109217077736e-02       7.072546036758e-03       4.688381268528e-03 
  174       1.112395212023e-02       7.104586464920e-03       4.723147748026e-03 
  175       1.115571489291e-02       7.135943352996e-03       4.757966024117e-03 
  176       1.118745544727e-02       7.166614601310e-03       4.792825148044e-03 
  177       1.121916912472e-02       7.196598472230e-03       4.827713628795e-03 
  178       1.125085023387e-02       7.225893595346e-03       4.862619424416e-03 
  179       1.128249202821e-02       7.254498972632e-03       4.897529933322e-03 
  180       1.131408804315e-02       7.282415363031e-03       4.932432607153e-03 
  181       1.134563627243e-02       7.309649548463e-03       4.967316861950e-03 
  182       1.137713528162e-02       7.336210417628e-03       5.002172302565e-03 
  183       1.140858286139e-02       7.362107627255e-03       5.036988108415e-03 
  184       1.143997601023e-02       7.387351612350e-03       5.071753027083e-03 
  185       1.147131091713e-02       7.411953596450e-03       5.106455367918e-03 
  186       1.150258294427e-02       7.435925601873e-03       5.141082995640e-03 
  187       1.153378660972e-02       7.459280459970e-03       5.175623323934e-03 
  188       1.156491557012e-02       7.482031821377e-03       5.210063309060e-03 
  189       1.159596260338e-02       7.504194166264e-03       5.244389443445e-03 
  190       1.162691959135e-02       7.525782814589e-03       5.278587749289e-03 
  191       1.165777750256e-02       7.546813936352e-03       5.312643772165e-03 
  192       1.168852637483e-02       7.567304561839e-03       5.346542574620e-03 
  193       1.171915529804e-02       7.587272591880e-03       5.380268729775e-03 
  194       1.174965239679e-02       7.606736808099e-03       5.413806314926e-03 
  195       1.178000481306e-02       7.625716883163e-03       5.447138905147e-03 
  196       1.181019868895e-02       7.644233391038e-03       5.480249566888e-03 
  197       1.184021914935e-02       7.662307817235e-03       5.513120851578e-03 
  198       1.187005028462e-02       7.679962569067e-03       5.545734789224e-03 
  199       1.189967513329e-02       7.697220985896e-03       5.578072882015e-03 
  200       1.192907566475e-02       7.714107349387e-03       5.610116097918e-03 
  201       1.195823605094e-02       7.730644948832e-03       5.641847000060e-03 
  202       1.198715277775e-02       7.746850101802e-03       5.673256317652e-03 
  203       1.201582522334e-02       7.762737725654e-03       5.704336832638e-03 
  204       1.204425242654e-02       7.778323248546e-03       5.735081286020e-03 
  205       1.207243307923e-02       7.793622613942e-03       5.765482377768e-03 
  206       1.210036551880e-02       7.808652285111e-03       5.795532766738e-03 
  207       1.212804772050e-02       7.823429249634e-03       5.825225070583e-03 
  208       1.215547728992e-02       7.837971023903e-03       5.854551865666e-03 
  209       1.218265145535e-02       7.852295657629e-03       5.883505686972e-03 
  210       1.220956706018e-02       7.866421738343e-03       5.912079028025e-03 
  211       1.223622055539e-02       7.880368395898e-03       5.940264340798e-03 
  212       1.226260799187e-02       7.894155306975e-03       5.968054035628e-03 
  213       1.228872501288e-02       7.907802699584e-03       5.995440481127e-03 
  214       1.231456684647e-02       7.921331357569e-03       6.022416004099e-03 
  215       1.234012829783e-02       7.934762625108e-03       6.048972889449e-03 
  216       1.236540374179e-02       7.948118411220e-03       6.075103380098e-03 
  217       1.239038711516e-02       7.961421194266e-03       6.100799676900e-03 
  218       1.241507190918e-02       7.974694026455e-03       6.126053938546e-03 
  219       1.243945116189e-02       7.987960538342e-03       6.150858281489e-03 
  220       1.246351745060e-02       8.001244943337e-03       6.175204779846e-03 
  221       1.248726288426e-02       8.014572042203e-03       6.199085465319e-03 
  222       1.251067909587e-02       8.027967227565e-03       6.222492327106e-03 
  223       1.253375723491e-02       8.041456488407e-03       6.245417311813e-03 
  224       1.255649041574e-02       8.055063242803e-03       6.267853838048e-03 
  225       1.257888125336e-02       8.068798600524e-03       6.289801448572e-03 
  226       1.260093479755e-02       8.082670483013e-03       6.311261457123e-03 
  227       1.262265611866e-02       8.096686735844e-03       6.332235464125e-03 
  228       1.264405030589e-02       8.110855125680e-03       6.352725360207e-03 
  229       1.266512246553e-02       8.125183337224e-03       6.372733329723e-03 
  230       1.268587771925e-02       8.139678970166e-03       6.392261854269e-03 
  231       1.270632120233e-02       8.154349536139e-03       6.411313716206e-03 
  232       1.272645806194e-02       8.169202455669e-03       6.429892002180e-03 
  233       1.274629345539e-02       8.184245055123e-03       6.448000106637e-03 
  234       1.276583254837e-02       8.199484563666e-03       6.465641735348e-03 
  235       1.278508051323e-02       8.214928110210e-03       6.482820908924e-03 
  236       1.280404252726e-02       8.230582720363e-03       6.499541966340e-03 
  237       1.282272377089e-02       8.246455313383e-03       6.515809568451e-03 
  238       1.284112942601e-02       8.262552699131e-03       6.531628701513e-03 
  239       1.285926467418e-02       8.278881575017e-03       6.547004680704e-03 
  240       1.287713469492e-02       8.295448522956e-03       6.561943153641e-03 
  241       1.289474466395e-02       8.312260006319e-03       6.576450103902e-03 
  242       1.291209975148e-02       8.329322366882e-03       6.590531854543e-03 
  243       1.292920512043e-02       8.346641821779e-03       6.604195071621e-03 
  244       1.294606592469e-02       8.364224460454e-03       6.617446767710e-03 
  245       1.296268730743e-02       8.382076241609e-03       6.630294305423e-03 
  246       1.297907439928e-02       8.400202990161e-03       6.642745400932e-03 
  247       1.299523231668e-02       8.418610394188e-03       6.654808127486e-03 
  248       1.301116616004e-02       8.437304001884e-03       6.666490918931e-03 
  249       1.302688101208e-02       8.456289218507e-03       6.677802573230e-03 
  250       1.304238176158e-02       8.475569330229e-03       6.688752199500e-03 
  251       1.305767256708e-02       8.495139455484e-03       6.699349048475e-03 
  252       1.307275735883e-02       8.514992238556e-03       6.709602679092e-03 
  253       1.308764000843e-02       8.535119784481e-03       6.719523017489e-03 
  254       1.310232432677e-02       8.555513652225e-03       6.729120360413e-03 
  255       1.311681406193e-02       8.576164847866e-03       6.738405378636e-03 
  256       1.313111289710e-02       8.597063817764e-03       6.747389120365e-03 
  257       1.314522444855e-02       8.618200441747e-03       6.756083014651e-03 
  258       1.315915226349e-02       8.639564026286e-03       6.764498874804e-03 
  259       1.317289981805e-02       8.661143297673e-03       6.772648901802e-03 
  260       1.318647051519e-02       8.682926395197e-03       6.780545687706e-03 
  261       1.319986768259e-02       8.704900864327e-03       6.788202219069e-03 
  262       1.321309457063e-02       8.727053649887e-03       6.795631880346e-03 
  263       1.322615435029e-02       8.749371089234e-03       6.802848457310e-03 
  264       1.323905011106e-02       8.771838905437e-03       6.809866140461e-03 
  265       1.325178485888e-02       8.794442200454e-03       6.816699528437e-03 
  266       1.326436151408e-02       8.817165448312e-03       6.823363631428e-03 
  267       1.327678290929e-02       8.839992488283e-03       6.829873874584e-03 
  268       1.328905178733e-02       8.862906518064e-03       6.836246101431e-03 
  269       1.330117079922e-02       8.885890086955e-03       6.842496577280e-03 
  270       1.331314250203e-02       8.908925089033e-03       6.848641992637e-03 
  271       1.332496935682e-02       8.931992756338e-03       6.854699466619e-03 
  272       1.333665372660e-02       8.955073652043e-03       6.860686550362e-03 
  273       1.334819787421e-02       8.978147663636e-03       6.866621230434e-03 
  274       1.335960396027e-02       9.001193996100e-03       6.872521932247e-03 
  275       1.337087404112e-02       9.024191165087e-03       6.878407523467e-03 
  276       1.338201006671e-02       9.047116990098e-03       6.884297317427e-03 
  277       1.339301387852e-02       9.069948587663e-03       6.890211076539e-03 
  278       1.340388720755e-02       9.092662364514e-03       6.896169015703e-03 
  279       1.341463366837e-02       9.115240573936e-03       6.902188523503e-03 
  280       1.342526486017e-02       9.137691374834e-03       6.908274130727e-03 
  281       1.343579457777e-02       9.160029798603e-03       6.914427028774e-03 
  282       1.344623684490e-02       9.182271282824e-03       6.920648303438e-03 
  283       1.345660591519e-02       9.204431674511e-03       6.926938933276e-03 
  284       1.346691627313e-02       9.226527233381e-03       6.933299787981e-03 
  285       1.347718263512e-02       9.248574635107e-03       6.939731626749e-03 
  286       1.348741995041e-02       9.270590974582e-03       6.946235096650e-03 
  287       1.349764340210e-02       9.292593769176e-03       6.952810730999e-03 
  288       1.350786840816e-02       9.314600961998e-03       6.959458947723e-03 
  289       1.351811062238e-02       9.336630925153e-03       6.966180047734e-03 
  290       1.352838593541e-02       9.358702463004e-03       6.972974213294e-03 
  291       1.353871047570e-02       9.380834815432e-03       6.979841506391e-03 
  292       1.354910061054e-02       9.403047661094e-03       6.986781867106e-03 
  293       1.355957294700e-02       9.425361120685e-03       6.993795111978e-03 
  294       1.357014433297e-02       9.447795760196e-03       7.000880932384e-03 
  295       1.358083185813e-02       9.470372594173e-03       7.008038892900e-03 
  296       1.359165285494e-02       9.493113088980e-03       7.015268429673e-03 
  297       1.360262489962e-02       9.516039166057e-03       7.022568848794e-03 
  298       1.361376581317e-02       9.539173205176e-03       7.029939324665e-03 
  299       1.362509366236e-02       9.562538047710e-03       7.037378898367e-03 
  300       1.363662676067e-02       9.586156999883e-03       7.044886476036e-03 
