# dimensionless total [l(l+1)/2pi] C_l's
# for l=2 to 300, i.e. number of multipoles equal to 299
#
# -> if you prefer output in CAMB/HealPix/LensPix units/order, set 'format' to 'camb' in input file
# -> if you don't want to see such a header, set 'headers' to 'no' in input file
#
# 1:l     2:dens[1]-dens[1]        3:dens[2]-dens[2]        4:dens[3]-dens[3]    
    2       7.240929364190e-06       4.747898091541e-06       3.304327860735e-06 
    3       1.625650398374e-05       1.091436599933e-05       7.726761186551e-06 
    4       3.005621974298e-05       2.050956399241e-05       1.468278784063e-05 
    5       4.936066470193e-05       3.406407217539e-05       2.457177688935e-05 
    6       7.472881113602e-05       5.198832118566e-05       3.770476947167e-05 
    7       1.065563867150e-04       7.457347173602e-05       5.430498878755e-05 
    8       1.450937515760e-04       1.020066231042e-04       7.451987778835e-05 
    9       1.904640748582e-04       1.343851123180e-04       9.843192493090e-05 
   10       2.426797980886e-04       1.717289036634e-04       1.260678188624e-04 
   11       3.016579587840e-04       2.139917175721e-04       1.574065718492e-04 
   12       3.672344293657e-04       2.610710491039e-04       1.923867092366e-04 
   13       4.391769310753e-04       3.128172223971e-04       2.309126662818e-04 
   14       5.171967100481e-04       3.690415541345e-04       2.728605163850e-04 
   15       6.014435653894e-04       4.295236539117e-04       3.180831155733e-04 
   16       6.905929663405e-04       4.944410795704e-04       3.667900267210e-04 
   17       7.847104555762e-04       5.626933910427e-04       4.180539393121e-04 
   18       8.833924836454e-04       6.343723991433e-04       4.720216160952e-04 
   19       9.861661076603e-04       7.093113017755e-04       5.286027577527e-04 
   20       1.092636305785e-03       7.871070951132e-04       5.874924542098e-04 
   21       1.202362511434e-03       8.674656572152e-04       6.484843560957e-04 
   22       1.314899081476e-03       9.501338620423e-04       7.114074486519e-04 
   23       1.429824589032e-03       1.034821821222e-03       7.760566561416e-04 
   24       1.546740574281e-03       1.121238321928e-03       8.422226878743e-04 
   25       1.665253491013e-03       1.209112483961e-03       9.097111142234e-04 
   26       1.784992805515e-03       1.298192998210e-03       9.783400738422e-04 
   27       1.905613038321e-03       1.388236173278e-03       1.047928563141e-03 
   28       2.026799166891e-03       1.479014912394e-03       1.118305218444e-03 
   29       2.148247232178e-03       1.570308921896e-03       1.189305309514e-03 
   30       2.269687341501e-03       1.661919558828e-03       1.260779334763e-03 
   31       2.390887207925e-03       1.753671909376e-03       1.332593144960e-03 
   32       2.511624727427e-03       1.845396157291e-03       1.404612772900e-03 
   33       2.631713298964e-03       1.936944776888e-03       1.476717815173e-03 
   34       2.751004591452e-03       2.028194533022e-03       1.548803933345e-03 
   35       2.869357423788e-03       2.119025774591e-03       1.620770292566e-03 
   36       2.986664609977e-03       2.209340395503e-03       1.692530937954e-03 
   37       3.102854641668e-03       2.299063186635e-03       1.764015250197e-03 
   38       3.217856824247e-03       2.388119237659e-03       1.835152020831e-03 
   39       3.331629829848e-03       2.476452648152e-03       1.905882701211e-03 
   40       3.444174568144e-03       2.564035023430e-03       1.976167437200e-03 
   41       3.555516636210e-03       2.650854735086e-03       2.045978247877e-03 
   42       3.665640151924e-03       2.736875901078e-03       2.115272560726e-03 
   43       3.774537033721e-03       2.822069270845e-03       2.184013393048e-03 
   44       3.882226798639e-03       2.906424747930e-03       2.252177621266e-03 
   45       3.988764114370e-03       2.989955258767e-03       2.319758015028e-03 
   46       4.094260908757e-03       3.072707270512e-03       2.386768121204e-03 
   47       4.198873208222e-03       3.154755198976e-03       2.453240242892e-03 
   48       4.302797219402e-03       3.236200038349e-03       2.519225227958e-03 
   49       4.406271059411e-03       3.317170570908e-03       2.584793363403e-03 
   50       4.509513599908e-03       3.397786766070e-03       2.650011115004e-03 
   51       4.612517415208e-03       3.478035458717e-03       2.714861827974e-03 
   52       4.715202623135e-03       3.557863016214e-03       2.779305047366e-03 
   53       4.817473659200e-03       3.637209643562e-03       2.843298554935e-03 
   54       4.919218047507e-03       3.716008813780e-03       2.906798126810e-03 
   55       5.020349532035e-03       3.794211548468e-03       2.969771952210e-03 
   56       5.120952833475e-03       3.871867627869e-03       3.032248639257e-03 
   57       5.221172700250e-03       3.949063557397e-03       3.094280710385e-03 
   58       5.321173187178e-03       4.025899874916e-03       3.155931307887e-03 
   59       5.421138154709e-03       4.102491549305e-03       3.217274522802e-03 
   60       5.521271768156e-03       4.178968379032e-03       3.278395723798e-03 
   61       5.621762661284e-03       4.255452690350e-03       3.339376636545e-03 
   62       5.722665897925e-03       4.331985680538e-03       3.400245924180e-03 
   63       5.823995280703e-03       4.408585173635e-03       3.461018047224e-03 
   64       5.925756708000e-03       4.485266546600e-03       3.521707382355e-03 
   65       6.027947520293e-03       4.562042407608e-03       3.582328067434e-03 
   66       6.130555846482e-03       4.638922274363e-03       3.642893846536e-03 
   67       6.233559950227e-03       4.715912252399e-03       3.703417914978e-03 
   68       6.336934940116e-03       4.793017134053e-03       3.763913399475e-03 
   69       6.440675940170e-03       4.870247908319e-03       3.824395257971e-03 
   70       6.544778461588e-03       4.947615201774e-03       3.884878488137e-03 
   71       6.649230997331e-03       5.025126737426e-03       3.945377390067e-03 
   72       6.754014556787e-03       5.102787074937e-03       4.005905427555e-03 
   73       6.859102200438e-03       5.180597350832e-03       4.066475089361e-03 
   74       6.964458574528e-03       5.258555018716e-03       4.127097750493e-03 
   75       7.070039445731e-03       5.336653589493e-03       4.187783533473e-03 
   76       7.175794422999e-03       5.414882725235e-03       4.248539857395e-03 
   77       7.281676724777e-03       5.493229114805e-03       4.309367086278e-03 
   78       7.387634355750e-03       5.571675286679e-03       4.370261831445e-03 
   79       7.493606684153e-03       5.650199021004e-03       4.431218030386e-03 
   80       7.599524041798e-03       5.728773097067e-03       4.492226781122e-03 
   81       7.705307324098e-03       5.807365040766e-03       4.553276176574e-03 
   82       7.810867590084e-03       5.885936872077e-03       4.614351138923e-03 
   83       7.916105662432e-03       5.964444852517e-03       4.675433253979e-03 
   84       8.020922520822e-03       6.042844077064e-03       4.736503051498e-03 
   85       8.125253337838e-03       6.121103677706e-03       4.797547643310e-03 
   86       8.229038378396e-03       6.199193689030e-03       4.858554053634e-03 
   87       8.332212492728e-03       6.277080259282e-03       4.919506763015e-03 
   88       8.434704897803e-03       6.354725479249e-03       4.980387583802e-03 
   89       8.536438958756e-03       6.432087211152e-03       5.041175535618e-03 
   90       8.637331970305e-03       6.509118917530e-03       5.101846720832e-03 
   91       8.737294938178e-03       6.585769490125e-03       5.162374200037e-03 
   92       8.836232360536e-03       6.661983078776e-03       5.222727867520e-03 
   93       8.934053449385e-03       6.737705428639e-03       5.282877726799e-03 
   94       9.030708200141e-03       6.812904353815e-03       5.342804551240e-03 
   95       9.126156368047e-03       6.887552040918e-03       5.402490604020e-03 
   96       9.220356450831e-03       6.961618734421e-03       5.461916304117e-03 
   97       9.313265627163e-03       7.035072654881e-03       5.521060148456e-03 
   98       9.404839695117e-03       7.107879917166e-03       5.579898634051e-03 
   99       9.495033010625e-03       7.180004448682e-03       5.638406180157e-03 
  100       9.583798425937e-03       7.251407907596e-03       5.696555050411e-03 
  101       9.671087228081e-03       7.322049601067e-03       5.754315274977e-03 
  102       9.756849077316e-03       7.391886403467e-03       5.811654572695e-03 
  103       9.841031945597e-03       7.460872674607e-03       5.868538273224e-03 
  104       9.923590753384e-03       7.528966385836e-03       5.924933660430e-03 
  105       1.000451474139e-02       7.596148616917e-03       5.980823838445e-03 
  106       1.008380369884e-02       7.662406552704e-03       6.036195602288e-03 
  107       1.016145962894e-02       7.727727497071e-03       6.091035154972e-03 
  108       1.023748678290e-02       7.792098859354e-03       6.145328078233e-03 
  109       1.031189169401e-02       7.855508140802e-03       6.199059303266e-03 
  110       1.038468321163e-02       7.917942921011e-03       6.252213081447e-03 
  111       1.045587253532e-02       7.979390844379e-03       6.304772955073e-03 
  112       1.052547324880e-02       8.039839606543e-03       6.356721728086e-03 
  113       1.059350135405e-02       8.099276940826e-03       6.408041436806e-03 
  114       1.065997530531e-02       8.157690604682e-03       6.458713320662e-03 
  115       1.072491604317e-02       8.215068366139e-03       6.508717792922e-03 
  116       1.078834788776e-02       8.271401139936e-03       6.558037441939e-03 
  117       1.085030126888e-02       8.326692857489e-03       6.606666511429e-03 
  118       1.091081039327e-02       8.380951777056e-03       6.654602523217e-03 
  119       1.096991245633e-02       8.434187455556e-03       6.701843347408e-03 
  120       1.102764768379e-02       8.486410762863e-03       6.748387199916e-03 
  121       1.108405937330e-02       8.537633896099e-03       6.794232639985e-03 
  122       1.113919393611e-02       8.587870393925e-03       6.839378567718e-03 
  123       1.119310093871e-02       8.637135150835e-03       6.883824221602e-03 
  124       1.124583314445e-02       8.685444431451e-03       6.927569176033e-03 
  125       1.129744655519e-02       8.732815884813e-03       6.970613338840e-03 
  126       1.134800045296e-02       8.779268558674e-03       7.012956948814e-03 
  127       1.139755744155e-02       8.824822913792e-03       7.054600573234e-03 
  128       1.144618348822e-02       8.869500838226e-03       7.095545105387e-03 
  129       1.149394248513e-02       8.913324915841e-03       7.135792865363e-03 
  130       1.154087917081e-02       8.956316110759e-03       7.175351044201e-03 
  131       1.158703440512e-02       8.998495854721e-03       7.214228634655e-03 
  132       1.163245048393e-02       9.039886778965e-03       7.252435367157e-03 
  133       1.167717114147e-02       9.080512723187e-03       7.289981715244e-03 
  134       1.172124155280e-02       9.120398744495e-03       7.326878900978e-03 
  135       1.176470833626e-02       9.159571126364e-03       7.363138900364e-03 
  136       1.180761955583e-02       9.198057387597e-03       7.398774448768e-03 
  137       1.185002472364e-02       9.235886291277e-03       7.433799046343e-03 
  138       1.189197480231e-02       9.273087853726e-03       7.468226963446e-03 
  139       1.193352220744e-02       9.309693353459e-03       7.502073246058e-03 
  140       1.197472081003e-02       9.345735340145e-03       7.535353721202e-03 
  141       1.201562593888e-02       9.381247643560e-03       7.568085002370e-03 
  142       1.205629438302e-02       9.416265382543e-03       7.600284494937e-03 
  143       1.209678439418e-02       9.450824973955e-03       7.631970401581e-03 
  144       1.213714917505e-02       9.484960976138e-03       7.663160686081e-03 
  145       1.217741661561e-02       9.518696249656e-03       7.693869838106e-03 
  146       1.221760755440e-02       9.552050839044e-03       7.724111798294e-03 
  147       1.225774207858e-02       9.585045042051e-03       7.753900970677e-03 
  148       1.229783948886e-02       9.617699400399e-03       7.783252222120e-03 
  149       1.233791826454e-02       9.650034690551e-03       7.812180881746e-03 
  150       1.237799602849e-02       9.682071914474e-03       7.840702740378e-03 
  151       1.241808951212e-02       9.713832290401e-03       7.868834049969e-03 
  152       1.245821452040e-02       9.745337243598e-03       7.896591523036e-03 
  153       1.249838589680e-02       9.776608397127e-03       7.923992332095e-03 
  154       1.253861748834e-02       9.807667562609e-03       7.951054109093e-03 
  155       1.257892211055e-02       9.838536730988e-03       7.977794944845e-03 
  156       1.261931151246e-02       9.869238063296e-03       8.004233388462e-03 
  157       1.265979634157e-02       9.899793881417e-03       8.030388446793e-03 
  158       1.270038610889e-02       9.930226658851e-03       8.056279583851e-03 
  159       1.274108915388e-02       9.960559011477e-03       8.081926720252e-03 
  160       1.278191260947e-02       9.990813688316e-03       8.107350232647e-03 
  161       1.282286145800e-02       1.002101120306e-02       8.132569157706e-03 
  162       1.286393567878e-02       1.005116251266e-02       8.157595626777e-03 
  163       1.290513278021e-02       1.008127567061e-02       8.182439935701e-03 
  164       1.294644864722e-02       1.011135810803e-02       8.207112287230e-03 
  165       1.298787750210e-02       1.014141661360e-02       8.231622782209e-03 
  166       1.302941186531e-02       1.017145731341e-02       8.255981410744e-03 
  167       1.307104251626e-02       1.020148565094e-02       8.280198043379e-03 
  168       1.311275845416e-02       1.023150636691e-02       8.304282422265e-03 
  169       1.315454685879e-02       1.026152347923e-02       8.328244152336e-03 
  170       1.319639305133e-02       1.029154026289e-02       8.352092692482e-03 
  171       1.323828045515e-02       1.032155922987e-02       8.375837346722e-03 
  172       1.328019055663e-02       1.035158210905e-02       8.399487255374e-03 
  173       1.332210286596e-02       1.038160982615e-02       8.423051386236e-03 
  174       1.336399487795e-02       1.041164248356e-02       8.446538525749e-03 
  175       1.340584203285e-02       1.044167934035e-02       8.469957270178e-03 
  176       1.344761767713e-02       1.047171879212e-02       8.493316016784e-03 
  177       1.348929302432e-02       1.050175835089e-02       8.516622954994e-03 
  178       1.353083711577e-02       1.053179462507e-02       8.539886057574e-03 
  179       1.357221678151e-02       1.056182329934e-02       8.563113071809e-03 
  180       1.361340188849e-02       1.059184000790e-02       8.586310864173e-03 
  181       1.365438163367e-02       1.062184307383e-02       8.609483414558e-03 
  182       1.369514947380e-02       1.065183094944e-02       8.632633645292e-03 
  183       1.373569793477e-02       1.068180132576e-02       8.655764042177e-03 
  184       1.377601859189e-02       1.071175111578e-02       8.678876643284e-03 
  185       1.381610205015e-02       1.074167643760e-02       8.701973027740e-03 
  186       1.385593792455e-02       1.077157259769e-02       8.725054304524e-03 
  187       1.389551482033e-02       1.080143407405e-02       8.748121101257e-03 
  188       1.393482031331e-02       1.083125449940e-02       8.771173552995e-03 
  189       1.397384093012e-02       1.086102664442e-02       8.794211291021e-03 
  190       1.401256212848e-02       1.089074240094e-02       8.817233431637e-03 
  191       1.405096827756e-02       1.092039276509e-02       8.840238564954e-03 
  192       1.408904263815e-02       1.094996782057e-02       8.863224743688e-03 
  193       1.412676734304e-02       1.097945672181e-02       8.886189471947e-03 
  194       1.416412337724e-02       1.100884767718e-02       8.909129694028e-03 
  195       1.420109055829e-02       1.103812793218e-02       8.932041783204e-03 
  196       1.423764751654e-02       1.106728375267e-02       8.954921530522e-03 
  197       1.427377167542e-02       1.109630040802e-02       8.977764133589e-03 
  198       1.430943923173e-02       1.112516215435e-02       9.000564185368e-03 
  199       1.434462513593e-02       1.115385221772e-02       9.023315662966e-03 
  200       1.437930307242e-02       1.118235277733e-02       9.046011916433e-03 
  201       1.441345092672e-02       1.121064806554e-02       9.068646857829e-03 
  202       1.444706766333e-02       1.123873394965e-02       9.091218646422e-03 
  203       1.448015761687e-02       1.126660900299e-02       9.113726245421e-03 
  204       1.451272511004e-02       1.129427144201e-02       9.136168237746e-03 
  205       1.454477445011e-02       1.132171911873e-02       9.158542818361e-03 
  206       1.457630992541e-02       1.134894951315e-02       9.180847786619e-03 
  207       1.460733580189e-02       1.137595972566e-02       9.203080538599e-03 
  208       1.463785631952e-02       1.140274646943e-02       9.225238059446e-03 
  209       1.466787568889e-02       1.142930606286e-02       9.247316915710e-03 
  210       1.469739808762e-02       1.145563442195e-02       9.269313247686e-03 
  211       1.472642765693e-02       1.148172705275e-02       9.291222761753e-03 
  212       1.475496849809e-02       1.150757904374e-02       9.313040722713e-03 
  213       1.478302466896e-02       1.153318505826e-02       9.334761946132e-03 
  214       1.481060018044e-02       1.155853932693e-02       9.356380790679e-03 
  215       1.483769899302e-02       1.158363564003e-02       9.377891150463e-03 
  216       1.486432501325e-02       1.160846733995e-02       9.399286447376e-03 
  217       1.489048209023e-02       1.163302731356e-02       9.420559623431e-03 
  218       1.491617401214e-02       1.165730798465e-02       9.441703133101e-03 
  219       1.494140450271e-02       1.168130130637e-02       9.462708935658e-03 
  220       1.496617721774e-02       1.170499875355e-02       9.483568487515e-03 
  221       1.499049574159e-02       1.172839131522e-02       9.504272734562e-03 
  222       1.501436358368e-02       1.175146948693e-02       9.524812104509e-03 
  223       1.503778417497e-02       1.177422326325e-02       9.545176499221e-03 
  224       1.506076215166e-02       1.179664466860e-02       9.565357270101e-03 
  225       1.508330730508e-02       1.181873554663e-02       9.585353301192e-03 
  226       1.510543087899e-02       1.184050025706e-02       9.605165302401e-03 
  227       1.512714430482e-02       1.186194318066e-02       9.624793858697e-03 
  228       1.514845920121e-02       1.188306871771e-02       9.644239427174e-03 
  229       1.516938737361e-02       1.190388128644e-02       9.663502334109e-03 
  230       1.518994081383e-02       1.192438532150e-02       9.682582772027e-03 
  231       1.521013169957e-02       1.194458527243e-02       9.701480796757e-03 
  232       1.522997239405e-02       1.196448560207e-02       9.720196324495e-03 
  233       1.524947544551e-02       1.198409078506e-02       9.738729128869e-03 
  234       1.526865358681e-02       1.200340530629e-02       9.757078837992e-03 
  235       1.528751973498e-02       1.202243365933e-02       9.775244931530e-03 
  236       1.530608699080e-02       1.204118034490e-02       9.793226737759e-03 
  237       1.532436863833e-02       1.205964986933e-02       9.811023430630e-03 
  238       1.534237814452e-02       1.207784674304e-02       9.828634026823e-03 
  239       1.536012915872e-02       1.209577547892e-02       9.846057382816e-03 
  240       1.537763551229e-02       1.211344059087e-02       9.863292191940e-03 
  241       1.539491121814e-02       1.213084659222e-02       9.880336981444e-03 
  242       1.541197047031e-02       1.214799799416e-02       9.897190109551e-03 
  243       1.542882764350e-02       1.216489930425e-02       9.913849762527e-03 
  244       1.544549729269e-02       1.218155502483e-02       9.930313951732e-03 
  245       1.546199415263e-02       1.219796965151e-02       9.946580510691e-03 
  246       1.547833313748e-02       1.221414767159e-02       9.962647092146e-03 
  247       1.549452934032e-02       1.223009356256e-02       9.978511165123e-03 
  248       1.551059803273e-02       1.224581179050e-02       9.994170011990e-03 
  249       1.552655466436e-02       1.226130680860e-02       1.000962072552e-02 
  250       1.554241267967e-02       1.227658299492e-02       1.002486115694e-02 
  251       1.555817682940e-02       1.229164446512e-02       1.003989282680e-02 
  252       1.557384947214e-02       1.230649524595e-02       1.005471817641e-02 
  253       1.558943271791e-02       1.232113933323e-02       1.006933963088e-02 
  254       1.560492842345e-02       1.233558069024e-02       1.008375959796e-02 
  255       1.562033818767e-02       1.234982324604e-02       1.009798046696e-02 
  256       1.563566334704e-02       1.236387089380e-02       1.011200460761e-02 
  257       1.565090497093e-02       1.237772748912e-02       1.012583436893e-02 
  258       1.566606385707e-02       1.239139684844e-02       1.013947207814e-02 
  259       1.568114052687e-02       1.240488274730e-02       1.015292003949e-02 
  260       1.569613522087e-02       1.241818891873e-02       1.016618053321e-02 
  261       1.571104789407e-02       1.243131905158e-02       1.017925581432e-02 
  262       1.572587821138e-02       1.244427678884e-02       1.019214811155e-02 
  263       1.574062554296e-02       1.245706572601e-02       1.020485962621e-02 
  264       1.575528895962e-02       1.246968940941e-02       1.021739253107e-02 
  265       1.576986722826e-02       1.248215133455e-02       1.022974896922e-02 
  266       1.578435880717e-02       1.249445494443e-02       1.024193105299e-02 
  267       1.579876184149e-02       1.250660362794e-02       1.025394086281e-02 
  268       1.581307415857e-02       1.251860071813e-02       1.026578044607e-02 
  269       1.582729326338e-02       1.253044949061e-02       1.027745181602e-02 
  270       1.584141633387e-02       1.254215316184e-02       1.028895695066e-02 
  271       1.585544021637e-02       1.255371488751e-02       1.030029779159e-02 
  272       1.586936142099e-02       1.256513776086e-02       1.031147624290e-02 
  273       1.588317611701e-02       1.257642481101e-02       1.032249417009e-02 
  274       1.589688012825e-02       1.258757900134e-02       1.033335339887e-02 
  275       1.591046892849e-02       1.259860322778e-02       1.034405571411e-02 
  276       1.592393763681e-02       1.260950031717e-02       1.035460285869e-02 
  277       1.593728101305e-02       1.262027302563e-02       1.036499653239e-02 
  278       1.595049345312e-02       1.263092403684e-02       1.037523839075e-02 
  279       1.596357342024e-02       1.264145755763e-02       1.038533112187e-02 
  280       1.597653700208e-02       1.265188419948e-02       1.039528174089e-02 
  281       1.598940504698e-02       1.266221634667e-02       1.040509846398e-02 
  282       1.600219879364e-02       1.267246658265e-02       1.041478964640e-02 
  283       1.601493987332e-02       1.268264769084e-02       1.042436378298e-02 
  284       1.602765031202e-02       1.269277265542e-02       1.043382950868e-02 
  285       1.604035253273e-02       1.270285466213e-02       1.044319559912e-02 
  286       1.605306935760e-02       1.271290709903e-02       1.045247097115e-02 
  287       1.606582401012e-02       1.272294355735e-02       1.046166468331e-02 
  288       1.607864011740e-02       1.273297783225e-02       1.047078593644e-02 
  289       1.609154171229e-02       1.274302392359e-02       1.047984407417e-02 
  290       1.610455323562e-02       1.275309603677e-02       1.048884858347e-02 
  291       1.611769953843e-02       1.276320858351e-02       1.049780909520e-02 
  292       1.613100588412e-02       1.277337618261e-02       1.050673538462e-02 
  293       1.614449795068e-02       1.278361366080e-02       1.051563737193e-02 
  294       1.615820183289e-02       1.279393605348e-02       1.052452512283e-02 
  295       1.617214404455e-02       1.280435860554e-02       1.053340884901e-02 
  296       1.618635152062e-02       1.281489677215e-02       1.054229890875e-02 
  297       1.620085161948e-02       1.282556621956e-02       1.055120580737e-02 
  298       1.621567212512e-02       1.283638282589e-02       1.056014019787e-02 
  299       1.623084124932e-02       1.284736268189e-02       1.056911288136e-02 
  300       1.624638763389e-02       1.285852209180e-02       1.057813480766e-02 
