# dimensionless total [l(l+1)/2pi] C_l's
# for l=2 to 300, i.e. number of multipoles equal to 299
#
# -> if you prefer output in CAMB/HealPix/LensPix units/order, set 'format' to 'camb' in input file
# -> if you don't want to see such a header, set 'headers' to 'no' in input file
#
# 1:l     2:dens[1]-dens[1]        3:dens[2]-dens[2]    
    2       8.232621880362e-06       3.229846224639e-06 
    3       1.829888885078e-05       6.659647398045e-06 
    4       3.356526567366e-05       1.152141984884e-05 
    5       5.478127915067e-05       1.800328752735e-05 
    6       8.250848127814e-05       2.628898887685e-05 
    7       1.171348678563e-04       3.655181055218e-05 
    8       1.588933173126e-04       4.894874298531e-05 
    9       2.078816536032e-04       6.361788082482e-05 
   10       2.640815231155e-04       8.067763067144e-05 
   11       3.273756740866e-04       1.002267548350e-04 
   12       3.975637447050e-04       1.223449527417e-04 
   13       4.743765001854e-04       1.470939387054e-04 
   14       5.574884875566e-04       1.745185785208e-04 
   15       6.464024322964e-04       2.046477214988e-04 
   16       7.409628493048e-04       2.374949598171e-04 
   17       8.406166315942e-04       2.730596720569e-04 
   18       9.449118449362e-04       3.113281503169e-04 
   19       1.053399364442e-03       3.522757055861e-04 
   20       1.165609178222e-03       3.958657542030e-04 
   21       1.281081629111e-03       4.420530634422e-04 
   22       1.399372512651e-03       4.907825737939e-04 
   23       1.520041944946e-03       5.419896301174e-04 
   24       1.642669866834e-03       5.956021181049e-04 
   25       1.766852879562e-03       6.515479775152e-04 
   26       1.892216133538e-03       7.097456104912e-04 
   27       2.018405243839e-03       7.700789797933e-04 
   28       2.145097159135e-03       8.324236497124e-04 
   29       2.271984150363e-03       8.966980805728e-04 
   30       2.398796464810e-03       9.628385437337e-04 
   31       2.525304383375e-03       1.030777252181e-03 
   32       2.651285810897e-03       1.100400376563e-03 
   33       2.776554919485e-03       1.171575016523e-03 
   34       2.900965873390e-03       1.244166803791e-03 
   35       3.024380262981e-03       1.318062903632e-03 
   36       3.146694981533e-03       1.393158108105e-03 
   37       3.267843518037e-03       1.469347733776e-03 
   38       3.387758300256e-03       1.546521369038e-03 
   39       3.506401114839e-03       1.624568202711e-03 
   40       3.623776692834e-03       1.703379488734e-03 
   41       3.739915103421e-03       1.782848917312e-03 
   42       3.854805459483e-03       1.862872382597e-03 
   43       3.968445239822e-03       1.943349183380e-03 
   44       4.080860086189e-03       2.024182857820e-03 
   45       4.192109748254e-03       2.105280518893e-03 
   46       4.302304866918e-03       2.186549196905e-03 
   47       4.411597497547e-03       2.267899433528e-03 
   48       4.520178514977e-03       2.349246975483e-03 
   49       4.628279224043e-03       2.430513306906e-03 
   50       4.736113192604e-03       2.511624873821e-03 
   51       4.843679400781e-03       2.592509274300e-03 
   52       4.950908442696e-03       2.673098954387e-03 
   53       5.057716459900e-03       2.753332885255e-03 
   54       5.164003938831e-03       2.833157034019e-03 
   55       5.269695539774e-03       2.912522672556e-03 
   56       5.374873925200e-03       2.991379733389e-03 
   57       5.479677070928e-03       3.069682627932e-03 
   58       5.584260534917e-03       3.147392642045e-03 
   59       5.688797853360e-03       3.224478322618e-03 
   60       5.793480936786e-03       3.300915864153e-03 
   61       5.898486805163e-03       3.376686469349e-03 
   62       6.003868171929e-03       3.451766863984e-03 
   63       6.109638891483e-03       3.526137329311e-03 
   64       6.215804794358e-03       3.599784824990e-03 
   65       6.322363015283e-03       3.672703279662e-03 
   66       6.429301321242e-03       3.744893881520e-03 
   67       6.536597439529e-03       3.816365368877e-03 
   68       6.644225542511e-03       3.887130426042e-03 
   69       6.752178729709e-03       3.957193373418e-03 
   70       6.860449915004e-03       4.026560493625e-03 
   71       6.969024592863e-03       4.095243893036e-03 
   72       7.077880349440e-03       4.163261692739e-03 
   73       7.186986373666e-03       4.230638219497e-03 
   74       7.296302968348e-03       4.297404196709e-03 
   75       7.405781061261e-03       4.363596935373e-03 
   76       7.515365855616e-03       4.429255244657e-03 
   77       7.625009630713e-03       4.494402670018e-03 
   78       7.734660398154e-03       4.559061531212e-03 
   79       7.844257572064e-03       4.623258012863e-03 
   80       7.953731565069e-03       4.687022247145e-03 
   81       8.063003384269e-03       4.750388396470e-03 
   82       8.171984227220e-03       4.813394736164e-03 
   83       8.280575077907e-03       4.876083737153e-03 
   84       8.388677110117e-03       4.938500976387e-03 
   85       8.496225764160e-03       5.000691479458e-03 
   86       8.603161604858e-03       5.062702920443e-03 
   87       8.709419797315e-03       5.124586802304e-03 
   88       8.814929884531e-03       5.186398519868e-03 
   89       8.919615565014e-03       5.248197422810e-03 
   90       9.023394470396e-03       5.310046878630e-03 
   91       9.126177943044e-03       5.372014335641e-03 
   92       9.227870813676e-03       5.434171385940e-03 
   93       9.328382842736e-03       5.496582924646e-03 
   94       9.427665495970e-03       5.559272625701e-03 
   95       9.525680314468e-03       5.622252365910e-03 
   96       9.622387682278e-03       5.685532580503e-03 
   97       9.717746764129e-03       5.749122176440e-03 
   98       9.811715443147e-03       5.813028445723e-03 
   99       9.904250258580e-03       5.877256978698e-03 
  100       9.995306343514e-03       5.941811577364e-03 
  101       1.008483736259e-02       6.006694168679e-03 
  102       1.017279544974e-02       6.071904717867e-03 
  103       1.025913114589e-02       6.137441141724e-03 
  104       1.034380187911e-02       6.203304036523e-03 
  105       1.042679884392e-02       6.269511775816e-03 
  106       1.050812365380e-02       6.336087299998e-03 
  107       1.058778015418e-02       6.403053450456e-03 
  108       1.066577445404e-02       6.470432935783e-03 
  109       1.074211495755e-02       6.538248297993e-03 
  110       1.081681239559e-02       6.606521878735e-03 
  111       1.088987985740e-02       6.675275785508e-03 
  112       1.096133282214e-02       6.744531857873e-03 
  113       1.103118919049e-02       6.814311633673e-03 
  114       1.109946931627e-02       6.884636315239e-03 
  115       1.116619603798e-02       6.955526735615e-03 
  116       1.123139546731e-02       7.026998275869e-03 
  117       1.129509939564e-02       7.099044988247e-03 
  118       1.135734324082e-02       7.171653470264e-03 
  119       1.141816535431e-02       7.244807663309e-03 
  120       1.147760705951e-02       7.318488774215e-03 
  121       1.153571268999e-02       7.392675196834e-03 
  122       1.159252962785e-02       7.467342433607e-03 
  123       1.164810834192e-02       7.542463017141e-03 
  124       1.170250242612e-02       7.618006431783e-03 
  125       1.175576863769e-02       7.693939035190e-03 
  126       1.180796693552e-02       7.770223979905e-03 
  127       1.185916051839e-02       7.846821134929e-03 
  128       1.190941586329e-02       7.923687007296e-03 
  129       1.195879730457e-02       8.000778561598e-03 
  130       1.200735001772e-02       8.078065318886e-03 
  131       1.205511523259e-02       8.155518443000e-03 
  132       1.210213552434e-02       8.233106911559e-03 
  133       1.214845481273e-02       8.310797465421e-03 
  134       1.219411836129e-02       8.388554558155e-03 
  135       1.223917277656e-02       8.466340305502e-03 
  136       1.228366600730e-02       8.544114434843e-03 
  137       1.232764734374e-02       8.621834234664e-03 
  138       1.237116741679e-02       8.699454504023e-03 
  139       1.241427819722e-02       8.776927502013e-03 
  140       1.245703299496e-02       8.854202897232e-03 
  141       1.249948645824e-02       8.931227717246e-03 
  142       1.254169457287e-02       9.007946298053e-03 
  143       1.258371466144e-02       9.084300233554e-03 
  144       1.262559907815e-02       9.160233754586e-03 
  145       1.266737559445e-02       9.235710570396e-03 
  146       1.270906506920e-02       9.310698599178e-03 
  147       1.275068754276e-02       9.385164668432e-03 
  148       1.279226219994e-02       9.459074495638e-03 
  149       1.283380733303e-02       9.532392668919e-03 
  150       1.287534030476e-02       9.605082627720e-03 
  151       1.291687751130e-02       9.677106643471e-03 
  152       1.295843434526e-02       9.748425800261e-03 
  153       1.300002515864e-02       9.818999975509e-03 
  154       1.304166322588e-02       9.888787820629e-03 
  155       1.308336070680e-02       9.957746741706e-03 
  156       1.312512860960e-02       1.002583288016e-02 
  157       1.316697675388e-02       1.009300109344e-02 
  158       1.320891373356e-02       1.015920493564e-02 
  159       1.325094687997e-02       1.022439663822e-02 
  160       1.329308222474e-02       1.028852709068e-02 
  161       1.333532380515e-02       1.035155251331e-02 
  162       1.337767158860e-02       1.041345517941e-02 
  163       1.342012329301e-02       1.047422449718e-02 
  164       1.346267498827e-02       1.053385049381e-02 
  165       1.350532105621e-02       1.059232382692e-02 
  166       1.354805415057e-02       1.064963579605e-02 
  167       1.359086515694e-02       1.070577835408e-02 
  168       1.363374315277e-02       1.076074411869e-02 
  169       1.367667536727e-02       1.081452638389e-02 
  170       1.371964714145e-02       1.086711913137e-02 
  171       1.376264188801e-02       1.091851704205e-02 
  172       1.380564105133e-02       1.096871550750e-02 
  173       1.384862406747e-02       1.101771064141e-02 
  174       1.389156832406e-02       1.106549929104e-02 
  175       1.393444912035e-02       1.111207904870e-02 
  176       1.397723962709e-02       1.115744826317e-02 
  177       1.401991084654e-02       1.120160605122e-02 
  178       1.406243157245e-02       1.124455230902e-02 
  179       1.410476834995e-02       1.128628772362e-02 
  180       1.414689085765e-02       1.132681623821e-02 
  181       1.418878861560e-02       1.136615264317e-02 
  182       1.423045553160e-02       1.140431561184e-02 
  183       1.427188457857e-02       1.144132532127e-02 
  184       1.431306777448e-02       1.147720347273e-02 
  185       1.435399616227e-02       1.151197331222e-02 
  186       1.439465978982e-02       1.154565965093e-02 
  187       1.443504768985e-02       1.157828888579e-02 
  188       1.447514785986e-02       1.160988901991e-02 
  189       1.451494724210e-02       1.164048968313e-02 
  190       1.455443170345e-02       1.167012215249e-02 
  191       1.459358601539e-02       1.169881937273e-02 
  192       1.463239383391e-02       1.172661597679e-02 
  193       1.467083767948e-02       1.175354830631e-02 
  194       1.470889891694e-02       1.177965443214e-02 
  195       1.474655773546e-02       1.180497417481e-02 
  196       1.478379312847e-02       1.182954912504e-02 
  197       1.482058287361e-02       1.185342266426e-02 
  198       1.485690351261e-02       1.187663998508e-02 
  199       1.489273033131e-02       1.189924811178e-02 
  200       1.492803733950e-02       1.192129592085e-02 
  201       1.496280275263e-02       1.194283004930e-02 
  202       1.499702591489e-02       1.196388225142e-02 
  203       1.503071154760e-02       1.198448117741e-02 
  204       1.506386435247e-02       1.200465641259e-02 
  205       1.509648900773e-02       1.202443848581e-02 
  206       1.512859016432e-02       1.204385887777e-02 
  207       1.516017244213e-02       1.206295002934e-02 
  208       1.519124042614e-02       1.208174534992e-02 
  209       1.522179866267e-02       1.210027922583e-02 
  210       1.525185165554e-02       1.211858702856e-02 
  211       1.528140386224e-02       1.213670512320e-02 
  212       1.531045969020e-02       1.215467087675e-02 
  213       1.533902349291e-02       1.217252266646e-02 
  214       1.536709956615e-02       1.219029988818e-02 
  215       1.539469214419e-02       1.220804296471e-02 
  216       1.542180539595e-02       1.222579335413e-02 
  217       1.544844342124e-02       1.224359355816e-02 
  218       1.547461024693e-02       1.226148713051e-02 
  219       1.550030982312e-02       1.227951868519e-02 
  220       1.552554601940e-02       1.229773390489e-02 
  221       1.555032262097e-02       1.231617954932e-02 
  222       1.557464332488e-02       1.233490346353e-02 
  223       1.559851173623e-02       1.235395458628e-02 
  224       1.562193266034e-02       1.237337656563e-02 
  225       1.564491607956e-02       1.239318813251e-02 
  226       1.566747342482e-02       1.241340148127e-02 
  227       1.568961630192e-02       1.243402854217e-02 
  228       1.571135649076e-02       1.245508097448e-02 
  229       1.573270594466e-02       1.247657015963e-02 
  230       1.575367678963e-02       1.249850719430e-02 
  231       1.577428132365e-02       1.252090288358e-02 
  232       1.579453201595e-02       1.254376773407e-02 
  233       1.581444150626e-02       1.256711194701e-02 
  234       1.583402260417e-02       1.259094541139e-02 
  235       1.585328828832e-02       1.261527769711e-02 
  236       1.587225170573e-02       1.264011804807e-02 
  237       1.589092617106e-02       1.266547537530e-02 
  238       1.590932516593e-02       1.269135825009e-02 
  239       1.592746233813e-02       1.271777489711e-02 
  240       1.594535150096e-02       1.274473318754e-02 
  241       1.596300663250e-02       1.277224063218e-02 
  242       1.598044187486e-02       1.280030437460e-02 
  243       1.599767153349e-02       1.282893118422e-02 
  244       1.601471007644e-02       1.285812744949e-02 
  245       1.603157213367e-02       1.288789917094e-02 
  246       1.604827249630e-02       1.291825195439e-02 
  247       1.606482611589e-02       1.294919100401e-02 
  248       1.608124810375e-02       1.298072111546e-02 
  249       1.609755373019e-02       1.301284666903e-02 
  250       1.611375627914e-02       1.304556834282e-02 
  251       1.612986047609e-02       1.307887305629e-02 
  252       1.614586867942e-02       1.311274343287e-02 
  253       1.616178298611e-02       1.314716101458e-02 
  254       1.617760522691e-02       1.318210624888e-02 
  255       1.619333696156e-02       1.321755847553e-02 
  256       1.620897947394e-02       1.325349591343e-02 
  257       1.622453376727e-02       1.328989564747e-02 
  258       1.624000055926e-02       1.332673361537e-02 
  259       1.625538027730e-02       1.336398459457e-02 
  260       1.627067305365e-02       1.340162218905e-02 
  261       1.628587872061e-02       1.343961881618e-02 
  262       1.630099680571e-02       1.347794569360e-02 
  263       1.631602652685e-02       1.351657282602e-02 
  264       1.633096678755e-02       1.355546899212e-02 
  265       1.634581617204e-02       1.359460173139e-02 
  266       1.636057294052e-02       1.363393733096e-02 
  267       1.637523502430e-02       1.367344081249e-02 
  268       1.638980002096e-02       1.371307591896e-02 
  269       1.640426518957e-02       1.375280510159e-02 
  270       1.641862744584e-02       1.379258950665e-02 
  271       1.643288335733e-02       1.383238896231e-02 
  272       1.644702913859e-02       1.387216196552e-02 
  273       1.646106064634e-02       1.391186566885e-02 
  274       1.647497337471e-02       1.395145586730e-02 
  275       1.648876245033e-02       1.399088698521e-02 
  276       1.650242262758e-02       1.403011206310e-02 
  277       1.651594828374e-02       1.406908274448e-02 
  278       1.652933341415e-02       1.410774926276e-02 
  279       1.654257626581e-02       1.414607307809e-02 
  280       1.655569351362e-02       1.418406553991e-02 
  281       1.656870680919e-02       1.422175120187e-02 
  282       1.658163821092e-02       1.425915535843e-02 
  283       1.659451018624e-02       1.429630405120e-02 
  284       1.660734561399e-02       1.433322407516e-02 
  285       1.662016778669e-02       1.436994298499e-02 
  286       1.663300041283e-02       1.440648910133e-02 
  287       1.664586761920e-02       1.444289151708e-02 
  288       1.665879395318e-02       1.447918010364e-02 
  289       1.667180438505e-02       1.451538551726e-02 
  290       1.668492431028e-02       1.455153920527e-02 
  291       1.669817955185e-02       1.458767341239e-02 
  292       1.671159636256e-02       1.462382118698e-02 
  293       1.672520142731e-02       1.466001638738e-02 
  294       1.673902186541e-02       1.469629368814e-02 
  295       1.675308523289e-02       1.473268858632e-02 
  296       1.676741952482e-02       1.476923740778e-02 
  297       1.678205317758e-02       1.480597731347e-02 
  298       1.679701507119e-02       1.484294630568e-02 
  299       1.681233453159e-02       1.488018323437e-02 
  300       1.682804133298e-02       1.491772780339e-02 
