# dimensionless total [l(l+1)/2pi] C_l's
# for l=2 to 300, i.e. number of multipoles equal to 299
#
# -> if you prefer output in CAMB/HealPix/LensPix units/order, set 'format' to 'camb' in input file
# -> if you don't want to see such a header, set 'headers' to 'no' in input file
#
# 1:l     2:dens[1]-dens[1]        3:dens[2]-dens[2]        4:dens[3]-dens[3]    
    2       4.919301569907e-06       1.830138150157e-06       1.313680946971e-06 
    3       1.133571835190e-05       3.822514586732e-06       2.677788959295e-06 
    4       2.132848270329e-05       6.674435939744e-06       4.548582582866e-06 
    5       3.544409500891e-05       1.050261746592e-05       6.957899498415e-06 
    6       5.410099151834e-05       1.542137414664e-05       9.939570714836e-06 
    7       7.759176817701e-05       2.153618118340e-05       1.352873924207e-05 
    8       1.060998493683e-04       2.894119119470e-05       1.776006000248e-05 
    9       1.397149323974e-04       3.771835846939e-05       2.266664067093e-05 
   10       1.784463009804e-04       4.793733645461e-05       2.827937458513e-05 
   11       2.222347292074e-04       5.965584016582e-05       3.462650328622e-05 
   12       2.709631744047e-04       7.292023131562e-05       4.173336656207e-05 
   13       3.244664125002e-04       8.776625013100e-05       4.962231635804e-05 
   14       3.825396820632e-04       1.042197739118e-04       5.831269737181e-05 
   15       4.453674269527e-04       1.222974401363e-04       6.782085391704e-05 
   16       5.118549958993e-04       1.420071636473e-04       7.816021647316e-05 
   17       5.821365980033e-04       1.633487104410e-04       8.934144426697e-05 
   18       6.559270917204e-04       1.863142555122e-04       1.013724876953e-04 
   19       7.328841902481e-04       2.108896774592e-04       1.142588518886e-04 
   20       8.127376589970e-04       2.370540726463e-04       1.280032371467e-04 
   21       8.951803543013e-04       2.647807242785e-04       1.426062116779e-04 
   22       9.799002983490e-04       2.940376295891e-04       1.580659045668e-04 
   23       1.066599252531e-03       3.247903175158e-04       1.743785912682e-04 
   24       1.154994757450e-03       3.569986886431e-04       1.915384226812e-04 
   25       1.244810381181e-03       3.906085275906e-04       2.095379060559e-04 
   26       1.335785846938e-03       4.255664941685e-04       2.283676647698e-04 
   27       1.427671273675e-03       4.618601272901e-04       2.480167119053e-04 
   28       1.520235589937e-03       4.994791989935e-04       2.684723931982e-04 
   29       1.613257076795e-03       5.383397957721e-04       2.897208315850e-04 
   30       1.706538108844e-03       5.783233746955e-04       3.117466861711e-04 
   31       1.799906305376e-03       6.193113574718e-04       3.345331635003e-04 
   32       1.893192579576e-03       6.612507932159e-04       3.580623504260e-04 
   33       1.986250580782e-03       7.041146176218e-04       3.823151088103e-04 
   34       2.078959422669e-03       7.478755592145e-04       4.072712552077e-04 
   35       2.171202252067e-03       7.924701310482e-04       4.329102632513e-04 
   36       2.262884787359e-03       8.378228094774e-04       4.592109376444e-04 
   37       2.353936446811e-03       8.838581062482e-04       4.861509959589e-04 
   38       2.444286132220e-03       9.305087970702e-04       5.137059886774e-04 
   39       2.533882075727e-03       9.777109608898e-04       5.418501304471e-04 
   40       2.622700790373e-03       1.025402280711e-03       5.705566587148e-04 
   41       2.710736055820e-03       1.073521737525e-03       5.997994723101e-04 
   42       2.797956926355e-03       1.122007622456e-03       6.295585556364e-04 
   43       2.884339299715e-03       1.170799542526e-03       6.598164134232e-04 
   44       2.969878700591e-03       1.219839406559e-03       6.905568011247e-04 
   45       3.054593227070e-03       1.269071136512e-03       7.217615400164e-04 
   46       3.138530981549e-03       1.318438877889e-03       7.533994409917e-04 
   47       3.221766636295e-03       1.367888846682e-03       7.854343480910e-04 
   48       3.304400846391e-03       1.417370223316e-03       8.178281714756e-04 
   49       3.386561402776e-03       1.466835464210e-03       8.505408583973e-04 
   50       3.468368137047e-03       1.516239854320e-03       8.835340048837e-04 
   51       3.549813730412e-03       1.565539298774e-03       9.167829138884e-04 
   52       3.630852544756e-03       1.614692470349e-03       9.502677600071e-04 
   53       3.711433503524e-03       1.663661785403e-03       9.839703737490e-04 
   54       3.791499538954e-03       1.712413679708e-03       1.017874383833e-03 
   55       3.871009581958e-03       1.760917639093e-03       1.051963143713e-03 
   56       3.950012195196e-03       1.809142377416e-03       1.086212581968e-03 
   57       4.028589263820e-03       1.857059192274e-03       1.120596825044e-03 
   58       4.106835373887e-03       1.904643349406e-03       1.155090312154e-03 
   59       4.184858137871e-03       1.951874310022e-03       1.189667851255e-03 
   60       4.262778520185e-03       1.998735958125e-03       1.224304675008e-03 
   61       4.340710444539e-03       2.045215140789e-03       1.258976888496e-03 
   62       4.418693530730e-03       2.091296391797e-03       1.293662803161e-03 
   63       4.496745768829e-03       2.136966421672e-03       1.328342002959e-03 
   64       4.574882579776e-03       2.182215870585e-03       1.362995046086e-03 
   65       4.653116483526e-03       2.227039482151e-03       1.397603533370e-03 
   66       4.731456767196e-03       2.271436277229e-03       1.432150176672e-03 
   67       4.809909153205e-03       2.315409727721e-03       1.466618867285e-03 
   68       4.888477630054e-03       2.358965613020e-03       1.500994185620e-03 
   69       4.967171117206e-03       2.402104696496e-03       1.535259662024e-03 
   70       5.045997560735e-03       2.444828870477e-03       1.569399284811e-03 
   71       5.124961618592e-03       2.487143454775e-03       1.603398080931e-03 
   72       5.204064384062e-03       2.529057311223e-03       1.637242170077e-03 
   73       5.283303109219e-03       2.570582958200e-03       1.670918818791e-03 
   74       5.362670928382e-03       2.611736685170e-03       1.704416494576e-03 
   75       5.442156581567e-03       2.652538667208e-03       1.737724920000e-03 
   76       5.521744995774e-03       2.693010091275e-03       1.770834729761e-03 
   77       5.601419762530e-03       2.733163676876e-03       1.803736250043e-03 
   78       5.681160611811e-03       2.773011626845e-03       1.836420593841e-03 
   79       5.760942339521e-03       2.812568514650e-03       1.868880083481e-03 
   80       5.840734548545e-03       2.851851337644e-03       1.901108296592e-03 
   81       5.920501389791e-03       2.890879570321e-03       1.933100112068e-03 
   82       6.000201303234e-03       2.929675217571e-03       1.964851756037e-03 
   83       6.079786758961e-03       2.968262867933e-03       1.996360847830e-03 
   84       6.159209471861e-03       3.006668742363e-03       2.027625729504e-03 
   85       6.238437606185e-03       3.044917542677e-03       2.058643226032e-03 
   86       6.317440961613e-03       3.083035175855e-03       2.089410596352e-03 
   87       6.396185588711e-03       3.121049747917e-03       2.119926250222e-03 
   88       6.474633621960e-03       3.158991600296e-03       2.150189782136e-03 
   89       6.552743112804e-03       3.196893346211e-03       2.180202005259e-03 
   90       6.630467862682e-03       3.234789907036e-03       2.209964985348e-03 
   91       6.707757256074e-03       3.272718548678e-03       2.239482074678e-03 
   92       6.784556093534e-03       3.310718917946e-03       2.268757945970e-03 
   93       6.860810802534e-03       3.348827283268e-03       2.297797727750e-03 
   94       6.936489501157e-03       3.387058186992e-03       2.326604187997e-03 
   95       7.011564657327e-03       3.425420087997e-03       2.355180187673e-03 
   96       7.086006901539e-03       3.463920868871e-03       2.383529562841e-03 
   97       7.159784947439e-03       3.502567792729e-03       2.411657146264e-03 
   98       7.232865512414e-03       3.541367460024e-03       2.439568788986e-03 
   99       7.305213238178e-03       3.580325765373e-03       2.467271381934e-03 
  100       7.376790611358e-03       3.619447854362e-03       2.494772877500e-03 
  101       7.447557884077e-03       3.658738080373e-03       2.522082311138e-03 
  102       7.517472994548e-03       3.698199961394e-03       2.549209822952e-03 
  103       7.586491487650e-03       3.737836136839e-03       2.576166679290e-03 
  104       7.654572747922e-03       3.777650302341e-03       2.602964175011e-03 
  105       7.721699828477e-03       3.817653404810e-03       2.629610124917e-03 
  106       7.787862165100e-03       3.857858207625e-03       2.656111936407e-03 
  107       7.853049493122e-03       3.898277366201e-03       2.682477695661e-03 
  108       7.917251837374e-03       3.938923406540e-03       2.708716176926e-03 
  109       7.980459502136e-03       3.979808703785e-03       2.734836851808e-03 
  110       8.042663061093e-03       4.020945460771e-03       2.760849898564e-03 
  111       8.103853347289e-03       4.062345686579e-03       2.786766211392e-03 
  112       8.164021443080e-03       4.104021175088e-03       2.812597409723e-03 
  113       8.223158670086e-03       4.145983483527e-03       2.838355847510e-03 
  114       8.281256579145e-03       4.188243911030e-03       2.864054622521e-03 
  115       8.338306940265e-03       4.230813477186e-03       2.889707585631e-03 
  116       8.394304452033e-03       4.273700405803e-03       2.915328169057e-03 
  117       8.449255265020e-03       4.316902274974e-03       2.940925689604e-03 
  118       8.503169480614e-03       4.360412867895e-03       2.966508611321e-03 
  119       8.556058538145e-03       4.404224539216e-03       2.992085685196e-03 
  120       8.607935228874e-03       4.448328171538e-03       3.017665948004e-03 
  121       8.658813709998e-03       4.492713131913e-03       3.043258721159e-03 
  122       8.708709518646e-03       4.537367228331e-03       3.068873609555e-03 
  123       8.757639585876e-03       4.582276666217e-03       3.094520500424e-03 
  124       8.805622250672e-03       4.627426004927e-03       3.120209562175e-03 
  125       8.852677273945e-03       4.672798114241e-03       3.145951243251e-03 
  126       8.898825852529e-03       4.718374130857e-03       3.171756270969e-03 
  127       8.944090633180e-03       4.764133414885e-03       3.197635650378e-03 
  128       8.988495726571e-03       4.810053506345e-03       3.223600663098e-03 
  129       9.032065752516e-03       4.856112109312e-03       3.249662286127e-03 
  130       9.074822827476e-03       4.902293382876e-03       3.275829378600e-03 
  131       9.116789271489e-03       4.948582261308e-03       3.302110293015e-03 
  132       9.157988554326e-03       4.994962459550e-03       3.328513432192e-03 
  133       9.198445302551e-03       5.041416444225e-03       3.355047243978e-03 
  134       9.238185306595e-03       5.087925404636e-03       3.381720215943e-03 
  135       9.277235527812e-03       5.134469223771e-03       3.408540870074e-03 
  136       9.315624105553e-03       5.181026449308e-03       3.435517757480e-03 
  137       9.353380364226e-03       5.227574264614e-03       3.462659453082e-03 
  138       9.390534820366e-03       5.274088459755e-03       3.489974550316e-03 
  139       9.427119189696e-03       5.320543402495e-03       3.517471655830e-03 
  140       9.463166394199e-03       5.366912009299e-03       3.545159384181e-03 
  141       9.498710569178e-03       5.413165716340e-03       3.573046352532e-03 
  142       9.533787070324e-03       5.459274450502e-03       3.601141175352e-03 
  143       9.568432480783e-03       5.505206600379e-03       3.629452459113e-03 
  144       9.602681384694e-03       5.550931949912e-03       3.657987384556e-03 
  145       9.636556314398e-03       5.596430866452e-03       3.686747307163e-03 
  146       9.670076820977e-03       5.641685967611e-03       3.715731710855e-03 
  147       9.703262607370e-03       5.686679228108e-03       3.744939568171e-03 
  148       9.736133516860e-03       5.731391967798e-03       3.774369326849e-03 
  149       9.768709521547e-03       5.775804839705e-03       3.804018896411e-03 
  150       9.801010710840e-03       5.819897818052e-03       3.833885634736e-03 
  151       9.833057279933e-03       5.863650186287e-03       3.863966334647e-03 
  152       9.864869518290e-03       5.907040525118e-03       3.894257210487e-03 
  153       9.896467798126e-03       5.950046700539e-03       3.924753884702e-03 
  154       9.927872562890e-03       5.992645851864e-03       3.955451374421e-03 
  155       9.959104315749e-03       6.034814379755e-03       3.986344078035e-03 
  156       9.990183608065e-03       6.076527934253e-03       4.017425761779e-03 
  157       1.002113102788e-02       6.117761402805e-03       4.048689546311e-03 
  158       1.005196718841e-02       6.158488898300e-03       4.080127893293e-03 
  159       1.008271271650e-02       6.198683747094e-03       4.111732591974e-03 
  160       1.011338824112e-02       6.238318477042e-03       4.143494745767e-03 
  161       1.014401229656e-02       6.277368416058e-03       4.175405878385e-03 
  162       1.017459484766e-02       6.315822870528e-03       4.207461390362e-03 
  163       1.020514316731e-02       6.353674917163e-03       4.239657383976e-03 
  164       1.023566384931e-02       6.390917885975e-03       4.271989562986e-03 
  165       1.026616278726e-02       6.427545364928e-03       4.304453224362e-03 
  166       1.029664515347e-02       6.463551204574e-03       4.337043250015e-03 
  167       1.032711537780e-02       6.498929522695e-03       4.369754098528e-03 
  168       1.035757712660e-02       6.533674708950e-03       4.402579796891e-03 
  169       1.038803328156e-02       6.567781429508e-03       4.435513932228e-03 
  170       1.041848591861e-02       6.601244631698e-03       4.468549643533e-03 
  171       1.044893628682e-02       6.634059548646e-03       4.501679613396e-03 
  172       1.047938478728e-02       6.666221703917e-03       4.534896059738e-03 
  173       1.050983095198e-02       6.697726916160e-03       4.568190727543e-03 
  174       1.054027342270e-02       6.728571303745e-03       4.601554880584e-03 
  175       1.057070992992e-02       6.758751289409e-03       4.634979293162e-03 
  176       1.060113727167e-02       6.788263604895e-03       4.668454241832e-03 
  177       1.063155129244e-02       6.817105295593e-03       4.701969497136e-03 
  178       1.066194686209e-02       6.845273725187e-03       4.735514315334e-03 
  179       1.069231785468e-02       6.872766580289e-03       4.769077430136e-03 
  180       1.072265832291e-02       6.899583383016e-03       4.802647496087e-03 
  181       1.075296616978e-02       6.925730153449e-03       4.836214475405e-03 
  182       1.078323972889e-02       6.951215127560e-03       4.869768345761e-03 
  183       1.081347657858e-02       6.976047292707e-03       4.903298651968e-03 
  184       1.084367352527e-02       7.000236397836e-03       4.936794499382e-03 
  185       1.087382658667e-02       7.023792963670e-03       4.970244547291e-03 
  186       1.090393097515e-02       7.046728292912e-03       5.003637002315e-03 
  187       1.093398108098e-02       7.069054480432e-03       5.036959611798e-03 
  188       1.096397045563e-02       7.090784423471e-03       5.070199657204e-03 
  189       1.099389179509e-02       7.111931831834e-03       5.103343947510e-03 
  190       1.102373692313e-02       7.132511238081e-03       5.136378812604e-03 
  191       1.105349677460e-02       7.152538007733e-03       5.169290096678e-03 
  192       1.108316137872e-02       7.172028349456e-03       5.202063151622e-03 
  193       1.111271984238e-02       7.190999325266e-03       5.234682830423e-03 
  194       1.114216033342e-02       7.209468860720e-03       5.267133480554e-03 
  195       1.117147006394e-02       7.227455755114e-03       5.299398937374e-03 
  196       1.120063527357e-02       7.244979691678e-03       5.331462517520e-03 
  197       1.122964121276e-02       7.262061247770e-03       5.363307012303e-03 
  198       1.125847212609e-02       7.278721905075e-03       5.394914681103e-03 
  199       1.128711123556e-02       7.294984059798e-03       5.426267244764e-03 
  200       1.131554072385e-02       7.310871032864e-03       5.457345878987e-03 
  201       1.134374491429e-02       7.326405259633e-03       5.488133315609e-03 
  202       1.137172009842e-02       7.341602693771e-03       5.518620327425e-03 
  203       1.139946537901e-02       7.356478022840e-03       5.548799694385e-03 
  204       1.142697952928e-02       7.371046457630e-03       5.578664136971e-03 
  205       1.145426098567e-02       7.385323736975e-03       5.608206315828e-03 
  206       1.148130784057e-02       7.399326132567e-03       5.637418831381e-03 
  207       1.150811783504e-02       7.413070453771e-03       5.666294223467e-03 
  208       1.153468835158e-02       7.426574052440e-03       5.694824970954e-03 
  209       1.156101640683e-02       7.439854827735e-03       5.723003491371e-03 
  210       1.158709864437e-02       7.452931230932e-03       5.750822140527e-03 
  211       1.161293132738e-02       7.465822270246e-03       5.778273212143e-03 
  212       1.163851033144e-02       7.478547515640e-03       5.805348937468e-03 
  213       1.166383113725e-02       7.491127103643e-03       5.832041484913e-03 
  214       1.168888882337e-02       7.503581742166e-03       5.858342959667e-03 
  215       1.171367805894e-02       7.515932715316e-03       5.884245403331e-03 
  216       1.173819309646e-02       7.528201888210e-03       5.909740793533e-03 
  217       1.176242776449e-02       7.540411711795e-03       5.934821043562e-03 
  218       1.178637546040e-02       7.552585227658e-03       5.959478001986e-03 
  219       1.181002914312e-02       7.564746072845e-03       5.983703452279e-03 
  220       1.183338132588e-02       7.576918484675e-03       6.007489112447e-03 
  221       1.185642406892e-02       7.589127305554e-03       6.030826634653e-03 
  222       1.187914897226e-02       7.601397987793e-03       6.053707604839e-03 
  223       1.190154716845e-02       7.613756598422e-03       6.076123542353e-03 
  224       1.192361171833e-02       7.626226657718e-03       6.098067425821e-03 
  225       1.194534498473e-02       7.638819418992e-03       6.119538380532e-03 
  226       1.196675171890e-02       7.651542973093e-03       6.140537291739e-03 
  227       1.198783669851e-02       7.664405355805e-03       6.161065308737e-03 
  228       1.200860472611e-02       7.677414545124e-03       6.181123848128e-03 
  229       1.202906062758e-02       7.690578458535e-03       6.200714597075e-03 
  230       1.204920925061e-02       7.703904950289e-03       6.219839516563e-03 
  231       1.206905546318e-02       7.717401808680e-03       6.238500844656e-03 
  232       1.208860415195e-02       7.731076753319e-03       6.256701099758e-03 
  233       1.210786022079e-02       7.744937432412e-03       6.274443083871e-03 
  234       1.212682858923e-02       7.758991420040e-03       6.291729885850e-03 
  235       1.214551419086e-02       7.773246213430e-03       6.308564884670e-03 
  236       1.216392197189e-02       7.787709230232e-03       6.324951752675e-03 
  237       1.218205688952e-02       7.802387805802e-03       6.340894458845e-03 
  238       1.219992391045e-02       7.817289190471e-03       6.356397272049e-03 
  239       1.221752800933e-02       7.832420546826e-03       6.371464764306e-03 
  240       1.223487416722e-02       7.847788946983e-03       6.386101814044e-03 
  241       1.225196737005e-02       7.863401369868e-03       6.400313609358e-03 
  242       1.226881260707e-02       7.879264698492e-03       6.414105651269e-03 
  243       1.228541486933e-02       7.895385717223e-03       6.427483756984e-03 
  244       1.230177914814e-02       7.911771109070e-03       6.440454063151e-03 
  245       1.231791043351e-02       7.928427452955e-03       6.453023029122e-03 
  246       1.233381371261e-02       7.945361220990e-03       6.465197440209e-03 
  247       1.234949396828e-02       7.962578775755e-03       6.476984410944e-03 
  248       1.236495617743e-02       7.980086367572e-03       6.488391388336e-03 
  249       1.238020530951e-02       7.997890131784e-03       6.499426155134e-03 
  250       1.239524615394e-02       8.015994009970e-03       6.510096910498e-03 
  251       1.241008279433e-02       8.034393386162e-03       6.520412510474e-03 
  252       1.242471910087e-02       8.053081078006e-03       6.530382247731e-03 
  253       1.243915889688e-02       8.072049373114e-03       6.540015778782e-03 
  254       1.245340595688e-02       8.091290022368e-03       6.549323127392e-03 
  255       1.246746400475e-02       8.110794233225e-03       6.558314687980e-03 
  256       1.248133671186e-02       8.130552663028e-03       6.567001229030e-03 
  257       1.249502769522e-02       8.150555412309e-03       6.575393896498e-03 
  258       1.250854051559e-02       8.170792018096e-03       6.583504217215e-03 
  259       1.252187867562e-02       8.191251447219e-03       6.591344102299e-03 
  260       1.253504561799e-02       8.211922089618e-03       6.598925850556e-03 
  261       1.254804472353e-02       8.232791751648e-03       6.606262151891e-03 
  262       1.256087930938e-02       8.253847649385e-03       6.613366090714e-03 
  263       1.257355262708e-02       8.275076401935e-03       6.620251149345e-03 
  264       1.258606786077e-02       8.296464024737e-03       6.626931211422e-03 
  265       1.259842812523e-02       8.317995922873e-03       6.633420565310e-03 
  266       1.261063646412e-02       8.339656884369e-03       6.639733907502e-03 
  267       1.262269584801e-02       8.361431073507e-03       6.645886346031e-03 
  268       1.263460917261e-02       8.383302024131e-03       6.651893403877e-03 
  269       1.264637925682e-02       8.405252632947e-03       6.657771022368e-03 
  270       1.265800884092e-02       8.427265152838e-03       6.663535564593e-03 
  271       1.266950058468e-02       8.449321186164e-03       6.669203818807e-03 
  272       1.268085706548e-02       8.471401678073e-03       6.674793001834e-03 
  273       1.269208077650e-02       8.493486909803e-03       6.680320762479e-03 
  274       1.270317412478e-02       8.515556491992e-03       6.685805184934e-03 
  275       1.271413942938e-02       8.537589357982e-03       6.691264792181e-03 
  276       1.272497891956e-02       8.559563757126e-03       6.696718549401e-03 
  277       1.273569473285e-02       8.581457248098e-03       6.702185867384e-03 
  278       1.274628891320e-02       8.603246692191e-03       6.707686605929e-03 
  279       1.275676520490e-02       8.624914686376e-03       6.713237799693e-03 
  280       1.276713454099e-02       8.646469245133e-03       6.718843640939e-03 
  281       1.277740983555e-02       8.667925125267e-03       6.724504984441e-03 
  282       1.278760421443e-02       8.689297481194e-03       6.730222576683e-03 
  283       1.279773101614e-02       8.710601868139e-03       6.735997054230e-03 
  284       1.280780379277e-02       8.731854245338e-03       6.741828942100e-03 
  285       1.281783631083e-02       8.753070979232e-03       6.747718652138e-03 
  286       1.282784255219e-02       8.774268846666e-03       6.753666481384e-03 
  287       1.283783671493e-02       8.795465038091e-03       6.759672610451e-03 
  288       1.284783321427e-02       8.816677160760e-03       6.765737101891e-03 
  289       1.285784668346e-02       8.837923241926e-03       6.771859898571e-03 
  290       1.286789197462e-02       8.859221732041e-03       6.778040822046e-03 
  291       1.287798415971e-02       8.880591507956e-03       6.784279570925e-03 
  292       1.288813853135e-02       8.902051876116e-03       6.790575719250e-03 
  293       1.289837060377e-02       8.923622575762e-03       6.796928714867e-03 
  294       1.290869611366e-02       8.945323782129e-03       6.803337877792e-03 
  295       1.291913102107e-02       8.967176109642e-03       6.809802398592e-03 
  296       1.292969151033e-02       8.989200615116e-03       6.816321336749e-03 
  297       1.294039399091e-02       9.011418800957e-03       6.822893619040e-03 
  298       1.295125509833e-02       9.033852618354e-03       6.829518037900e-03 
  299       1.296229169502e-02       9.056524470485e-03       6.836193249803e-03 
  300       1.297352087129e-02       9.079457215711e-03       6.842917773628e-03 
