# dimensionless total [l(l+1)/2pi] C_l's
# for l=2 to 300, i.e. number of multipoles equal to 299
#
# -> if you prefer output in CAMB/HealPix/LensPix units/order, set 'format' to 'camb' in input file
# -> if you don't want to see such a header, set 'headers' to 'no' in input file
#
# 1:l     2:z=0.5                    3:z=1    
    2       1.911107257483e-05       7.908793171918e-06 
    3       4.022797317212e-05       1.587059752565e-05 
    4       7.062952227441e-05       2.665813550765e-05 
    5       1.113830982465e-04       4.043565975161e-05 
    6       1.633285068693e-04       5.738492345973e-05 
    7       2.270596772916e-04       7.769115553880e-05 
    8       3.029370080714e-04       1.015325855921e-04 
    9       3.911083667401e-04       1.290734698271e-04 
   10       4.915314780323e-04       1.604598179231e-04 
   11       6.039989553821e-04       1.958165339017e-04 
   12       7.281629602756e-04       2.352456137276e-04 
   13       8.635559721950e-04       2.788266716257e-04 
   14       1.009609109091e-03       3.266177271488e-04 
   15       1.165669767084e-03       3.786549305405e-04 
   16       1.331018932120e-03       4.349530240242e-04 
   17       1.504887562995e-03       4.955060360301e-04 
   18       1.686471615416e-03       5.602889151573e-04 
   19       1.874945715721e-03       6.292616112035e-04 
   20       2.069476891298e-03       7.023656811106e-04 
   21       2.269233879478e-03       7.795298746619e-04 
   22       2.473402303690e-03       8.606675737982e-04 
   23       2.681188479361e-03       9.456806263693e-04 
   24       2.891835093600e-03       1.034457732152e-03 
   25       3.104618157122e-03       1.126877835811e-03 
   26       3.318864893894e-03       1.222809047746e-03 
   27       3.533947867835e-03       1.322111718011e-03 
   28       3.749299003564e-03       1.424637868286e-03 
   29       3.964385029077e-03       1.530234567844e-03 
   30       4.178743082235e-03       1.638742395560e-03 
   31       4.391985996288e-03       1.749996023078e-03 
   32       4.603757592713e-03       1.863827813795e-03 
   33       4.813775552550e-03       1.980066777340e-03 
   34       5.021829672680e-03       2.098538984826e-03 
   35       5.227706148969e-03       2.219069670555e-03 
   36       5.431248251609e-03       2.341483171503e-03 
   37       5.632379293742e-03       2.465603643627e-03 
   38       5.831091905875e-03       2.591256747825e-03 
   39       6.027465323665e-03       2.718269882478e-03 
   40       6.221675748349e-03       2.846472775410e-03 
   41       6.413893711731e-03       2.975697846367e-03 
   42       6.603921998977e-03       3.105779468739e-03 
   43       6.791449652070e-03       3.236555845193e-03 
   44       6.976148643896e-03       3.367870215785e-03 
   45       7.157927987834e-03       3.499570969523e-03 
   46       7.337790319236e-03       3.631510155676e-03 
   47       7.517228755225e-03       3.763545872318e-03 
   48       7.698006292015e-03       3.895543638793e-03 
   49       7.882168975171e-03       4.027377147246e-03 
   50       8.071371200037e-03       4.158927345523e-03 
   51       8.264605154184e-03       4.290077648847e-03 
   52       8.459877823373e-03       4.420718727472e-03 
   53       8.654826250227e-03       4.550750718762e-03 
   54       8.846698334137e-03       4.680083900199e-03 
   55       9.033059782566e-03       4.808636906446e-03 
   56       9.214164609163e-03       4.936329320072e-03 
   57       9.391139887805e-03       5.063088419030e-03 
   58       9.565320089164e-03       5.188852036092e-03 
   59       9.738256172226e-03       5.313569136176e-03 
   60       9.911724675822e-03       5.437200393662e-03 
   61       1.008734511099e-02       5.559714077607e-03 
   62       1.026531121432e-02       5.681071322013e-03 
   63       1.044538974779e-02       5.801238558735e-03 
   64       1.062728379744e-02       5.920192337798e-03 
   65       1.081062943648e-02       6.037919755845e-03 
   66       1.099499238858e-02       6.154418884579e-03 
   67       1.117986469099e-02       6.269699199211e-03 
   68       1.136477356248e-02       6.383778366338e-03 
   69       1.154964108147e-02       6.496670894108e-03 
   70       1.173449172868e-02       6.608397941388e-03 
   71       1.191934617205e-02       6.718991084172e-03 
   72       1.210422079974e-02       6.828492650914e-03 
   73       1.228912725296e-02       6.936956057865e-03 
   74       1.247407195886e-02       7.044446144406e-03 
   75       1.265905566345e-02       7.151039508389e-03 
   76       1.284406152134e-02       7.256807734602e-03 
   77       1.302901789023e-02       7.361762808050e-03 
   78       1.321382787164e-02       7.465902309513e-03 
   79       1.339837946175e-02       7.569225624139e-03 
   80       1.358254484965e-02       7.671733925991e-03 
   81       1.376617971556e-02       7.773430162587e-03 
   82       1.394912252907e-02       7.874319039452e-03 
   83       1.413119384740e-02       7.974407004659e-03 
   84       1.431222046959e-02       8.073736450216e-03 
   85       1.449211403711e-02       8.172494864606e-03 
   86       1.467080423750e-02       8.270923831224e-03 
   87       1.484821482716e-02       8.369286971778e-03 
   88       1.502426334729e-02       8.467870505907e-03 
   89       1.519886083988e-02       8.566983810798e-03 
   90       1.537191156374e-02       8.666959980809e-03 
   91       1.554331271042e-02       8.768156387081e-03 
   92       1.571295412028e-02       8.870955237164e-03 
   93       1.588072801025e-02       8.975669228406e-03 
   94       1.604656044799e-02       9.082241060959e-03 
   95       1.621038410837e-02       9.190499555897e-03 
   96       1.637212853881e-02       9.300249801453e-03 
   97       1.653172001264e-02       9.411272409872e-03 
   98       1.668908138261e-02       9.523322774266e-03 
   99       1.684413193422e-02       9.636130325473e-03 
  100       1.699678723918e-02       9.749397788910e-03 
  101       1.714695900883e-02       9.862800441435e-03 
  102       1.729455494754e-02       9.975985368198e-03 
  103       1.743947860614e-02       1.008857071950e-02 
  104       1.758164103320e-02       1.020024049557e-02 
  105       1.772099783717e-02       1.031104508377e-02 
  106       1.785751688080e-02       1.042114012318e-02 
  107       1.799116691369e-02       1.053069490490e-02 
  108       1.812191755526e-02       1.063989267870e-02 
  109       1.824973927793e-02       1.074893095962e-02 
  110       1.837460339006e-02       1.085802183458e-02 
  111       1.849648201913e-02       1.096739226901e-02 
  112       1.861534809472e-02       1.107728441346e-02 
  113       1.873117533163e-02       1.118795591020e-02 
  114       1.884393821291e-02       1.129968019984e-02 
  115       1.895361197295e-02       1.141274682794e-02 
  116       1.906018363534e-02       1.152740131093e-02 
  117       1.916368668529e-02       1.164365578390e-02 
  118       1.926417060055e-02       1.176145579976e-02 
  119       1.936169025371e-02       1.188073848470e-02 
  120       1.945630599303e-02       1.200143231044e-02 
  121       1.954808372321e-02       1.212345686643e-02 
  122       1.963709498623e-02       1.224672263203e-02 
  123       1.972341704214e-02       1.237113074877e-02 
  124       1.980713294989e-02       1.249657279256e-02 
  125       1.988833164811e-02       1.262293054584e-02 
  126       1.996710803596e-02       1.275007576989e-02 
  127       2.004356305389e-02       1.287786997697e-02 
  128       2.011780376448e-02       1.300616420255e-02 
  129       2.018994169259e-02       1.313481990229e-02 
  130       2.026008746829e-02       1.326377471865e-02 
  131       2.032835574623e-02       1.339298353206e-02 
  132       2.039486696130e-02       1.352239790701e-02 
  133       2.045974739696e-02       1.365196601545e-02 
  134       2.052312925363e-02       1.378163256013e-02 
  135       2.058515071701e-02       1.391133869800e-02 
  136       2.064595602646e-02       1.404102196357e-02 
  137       2.070569554333e-02       1.417061619228e-02 
  138       2.076452581934e-02       1.430005144392e-02 
  139       2.082260966490e-02       1.442925392592e-02 
  140       2.088011621750e-02       1.455814591680e-02 
  141       2.093722101002e-02       1.468664568950e-02 
  142       2.099410603913e-02       1.481466743479e-02 
  143       2.105095983361e-02       1.494212118460e-02 
  144       2.110795561257e-02       1.506891887152e-02 
  145       2.116518318891e-02       1.519499334216e-02 
  146       2.122271045109e-02       1.532028108130e-02 
  147       2.128060461347e-02       1.544471620316e-02 
  148       2.133893215868e-02       1.556823040996e-02 
  149       2.139775878011e-02       1.569075295065e-02 
  150       2.145714932429e-02       1.581221057949e-02 
  151       2.151716773334e-02       1.593252751472e-02 
  152       2.157787698744e-02       1.605162539716e-02 
  153       2.163933904719e-02       1.616942324890e-02 
  154       2.170161479611e-02       1.628583743191e-02 
  155       2.176476398305e-02       1.640078160668e-02 
  156       2.182884516461e-02       1.651416669084e-02 
  157       2.189391564758e-02       1.662590081786e-02 
  158       2.196003143138e-02       1.673588929562e-02 
  159       2.202724715050e-02       1.684403456509e-02 
  160       2.209561601692e-02       1.695023615896e-02 
  161       2.216517781977e-02       1.705440478704e-02 
  162       2.223592185272e-02       1.715650607913e-02 
  163       2.230782058288e-02       1.725652064943e-02 
  164       2.238084118710e-02       1.735443034111e-02 
  165       2.245494543943e-02       1.745021824995e-02 
  166       2.253008959864e-02       1.754386874797e-02 
  167       2.260622429566e-02       1.763536750707e-02 
  168       2.268329442110e-02       1.772470152267e-02 
  169       2.276123901273e-02       1.781185913733e-02 
  170       2.283999114297e-02       1.789683006441e-02 
  171       2.291947780635e-02       1.797960541166e-02 
  172       2.299961980703e-02       1.806017770490e-02 
  173       2.308033164626e-02       1.813854091163e-02 
  174       2.316152140987e-02       1.821469046468e-02 
  175       2.324309065579e-02       1.828862328582e-02 
  176       2.332493430149e-02       1.836033780941e-02 
  177       2.340694051147e-02       1.842983400605e-02 
  178       2.348899058478e-02       1.849711340618e-02 
  179       2.357095884249e-02       1.856217912374e-02 
  180       2.365272887777e-02       1.862504048487e-02 
  181       2.373424398578e-02       1.868572727599e-02 
  182       2.381546053562e-02       1.874427667632e-02 
  183       2.389633191611e-02       1.880072879487e-02 
  184       2.397680848354e-02       1.885512671102e-02 
  185       2.405683750937e-02       1.890751651513e-02 
  186       2.413636312804e-02       1.895794734917e-02 
  187       2.421532628472e-02       1.900647144726e-02 
  188       2.429366468303e-02       1.905314417629e-02 
  189       2.437131273281e-02       1.909802407654e-02 
  190       2.444820149788e-02       1.914117290223e-02 
  191       2.452425864380e-02       1.918265566214e-02 
  192       2.459940838558e-02       1.922254066023e-02 
  193       2.467357143550e-02       1.926089953618e-02 
  194       2.474666495080e-02       1.929780730605e-02 
  195       2.481860248149e-02       1.933334240281e-02 
  196       2.488929391805e-02       1.936758671700e-02 
  197       2.495864543923e-02       1.940062563726e-02 
  198       2.502655945976e-02       1.943254809100e-02 
  199       2.509293457814e-02       1.946344658494e-02 
  200       2.515766552438e-02       1.949341724571e-02 
  201       2.522066319517e-02       1.952255177151e-02 
  202       2.528191646300e-02       1.955091256187e-02 
  203       2.534143468651e-02       1.957855588760e-02 
  204       2.539922802696e-02       1.960553983662e-02 
  205       2.545530745542e-02       1.963192433072e-02 
  206       2.550968475980e-02       1.965777114219e-02 
  207       2.556237255204e-02       1.968314391053e-02 
  208       2.561338427519e-02       1.970810815915e-02 
  209       2.566273421057e-02       1.973273131203e-02 
  210       2.571043748485e-02       1.975708271044e-02 
  211       2.575651007721e-02       1.978123362962e-02 
  212       2.580096882644e-02       1.980525729544e-02 
  213       2.584383143806e-02       1.982922890115e-02 
  214       2.588511649148e-02       1.985322562400e-02 
  215       2.592484344707e-02       1.987732664198e-02 
  216       2.596303265330e-02       1.990161315048e-02 
  217       2.599970535388e-02       1.992616837899e-02 
  218       2.603488369486e-02       1.995107760779e-02 
  219       2.606859073178e-02       1.997642818464e-02 
  220       2.610085043676e-02       2.000230954146e-02 
  221       2.613168770564e-02       2.002881321102e-02 
  222       2.616112836509e-02       2.005603284365e-02 
  223       2.618919917975e-02       2.008406422390e-02 
  224       2.621593189905e-02       2.011299207693e-02 
  225       2.624137567204e-02       2.014284951067e-02 
  226       2.626558544463e-02       2.017365599804e-02 
  227       2.628861800832e-02       2.020543033809e-02 
  228       2.631053201689e-02       2.023819064130e-02 
  229       2.633138800320e-02       2.027195431480e-02 
  230       2.635124839587e-02       2.030673804757e-02 
  231       2.637017753608e-02       2.034255779575e-02 
  232       2.638824169427e-02       2.037942876780e-02 
  233       2.640550908687e-02       2.041736540977e-02 
  234       2.642204989309e-02       2.045638139054e-02 
  235       2.643793627163e-02       2.049648958706e-02 
  236       2.645324237740e-02       2.053770206955e-02 
  237       2.646804437830e-02       2.058003008677e-02 
  238       2.648242047196e-02       2.062348405127e-02 
  239       2.649645090244e-02       2.066807352456e-02 
  240       2.651021797699e-02       2.071380720241e-02 
  241       2.652380608282e-02       2.076069290007e-02 
  242       2.653730170381e-02       2.080873753750e-02 
  243       2.655079343725e-02       2.085794712458e-02 
  244       2.656437201059e-02       2.090832674640e-02 
  245       2.657813029817e-02       2.095988054844e-02 
  246       2.659216333799e-02       2.101261172187e-02 
  247       2.660656834841e-02       2.106652248870e-02 
  248       2.662144474492e-02       2.112161408711e-02 
  249       2.663689415686e-02       2.117788675661e-02 
  250       2.665300212502e-02       2.123533416399e-02 
  251       2.666978198841e-02       2.129392635482e-02 
  252       2.668722779101e-02       2.135362578917e-02 
  253       2.670533229131e-02       2.141439278718e-02 
  254       2.672408694401e-02       2.147618550357e-02 
  255       2.674348188169e-02       2.153895990234e-02 
  256       2.676350589659e-02       2.160266973133e-02 
  257       2.678414642225e-02       2.166726649680e-02 
  258       2.680538951526e-02       2.173269943808e-02 
  259       2.682721983695e-02       2.179891550218e-02 
  260       2.684962063509e-02       2.186585931832e-02 
  261       2.687257372564e-02       2.193347317262e-02 
  262       2.689605947439e-02       2.200169698266e-02 
  263       2.692005677874e-02       2.207046827210e-02 
  264       2.694454304934e-02       2.213972214527e-02 
  265       2.696949419186e-02       2.220939126179e-02 
  266       2.699488458865e-02       2.227940581116e-02 
  267       2.702068708048e-02       2.234969348738e-02 
  268       2.704687294823e-02       2.242017946353e-02 
  269       2.707341189460e-02       2.249078636640e-02 
  270       2.710027202582e-02       2.256143425110e-02 
  271       2.712741983336e-02       2.263204057563e-02 
  272       2.715482017565e-02       2.270252017550e-02 
  273       2.718243625976e-02       2.277278523836e-02 
  274       2.721022962311e-02       2.284274527855e-02 
  275       2.723816011521e-02       2.291230711178e-02 
  276       2.726618587936e-02       2.298137482964e-02 
  277       2.729426333431e-02       2.304984977431e-02 
  278       2.732234715603e-02       2.311763051306e-02 
  279       2.735040785775e-02       2.318463724539e-02 
  280       2.737848557599e-02       2.325088647608e-02 
  281       2.740663903548e-02       2.331642016137e-02 
  282       2.743492821050e-02       2.338128163701e-02 
  283       2.746341433363e-02       2.344551563043e-02 
  284       2.749215990447e-02       2.350916827286e-02 
  285       2.752122869838e-02       2.357228711147e-02 
  286       2.755068577523e-02       2.363492112150e-02 
  287       2.758059748816e-02       2.369712071841e-02 
  288       2.761103149229e-02       2.375893776999e-02 
  289       2.764205675347e-02       2.382042560851e-02 
  290       2.767374355701e-02       2.388163904286e-02 
  291       2.770616351646e-02       2.394263437068e-02 
  292       2.773938958231e-02       2.400346939047e-02 
  293       2.777349605074e-02       2.406420341379e-02 
  294       2.780855857238e-02       2.412489727732e-02 
  295       2.784465416103e-02       2.418561335504e-02 
  296       2.788186120239e-02       2.424641557035e-02 
  297       2.792025946284e-02       2.430736940822e-02 
  298       2.795993009816e-02       2.436854192730e-02 
  299       2.800095566224e-02       2.443000177208e-02 
  300       2.804342011589e-02       2.449181918501e-02 
